1830 1 1
1831 1 1
1832 1 1
1848 3 3
1850 4 3
1851 4 4
1852 4 4
1853 4 4
1855 2 1
1857 3 3
1859 1 1
1861 4 3
1862 3 4
1863 3 2
1864 4 3
1865 4 3
1866 4 4
1867 4 4
1868 1 1
1869 4 2
1871 2 1
1872 3 1
1873 3 2
1874 3 2
1875 3 2
1876 3 2
1877 4 4
1878 4 2
1879 3 2
1880 1 1
1881 4 2
1882 4 4
1883 4 3
1884 1 1
1885 4 2
1886 4 2
1887 4 2
1889 4 4
1890 4 2
1892 4 3
1893 4 4
1894 4 3
1895 4 4
1896 2 3
1897 2 2
1899 3 3
1900 3 3
1901 2 2
1902 3 2
1903 2 2
1904 3 3
1905 2 2
1906 2 1
1907 2 1
1908 1 1
1910 1 1
1911 1 1
1912 1 1
1913 1 1
1914 1 1
1915 1 1
1916 1 1
1918 1 1
1919 1 1
1920 1 1
1921 1 1
1923 1 1
1924 1 1
1925 1 1
1927 1 1
1928 1 1
1931 1 1
1932 1 1
1933 1 1
1934 1 1
1935 1 1
1936 1 1
1937 1 1
1938 1 1
1940 1 1
1941 1 1
1942 1 1
1943 1 1
1944 1 1
1945 1 1
1946 1 1
1947 1 1
1949 1 1
1950 1 1
1951 1 1
1952 1 1
1953 1 1
1954 1 1
1955 1 1
1957 1 1
1959 1 1
1961 1 1
1962 2 2
1963 1 1
1964 2 1
1965 1 1
1967 1 1
1968 1 1
1969 2 2
1971 1 1
1972 1 1
1973 1 1
1974 1 1
1975 1 1
1977 1 1
1978 1 1
1979 1 1
1980 2 1
1981 1 1
1982 1 1
1984 1 1
1985 1 1
1986 1 1
1988 1 1
1989 1 1
1990 1 1
1991 1 1
1992 1 1
1993 1 1
1995 2 1
1996 2 1
1998 2 2
1999 1 1
2000 2 1
2002 2 2
2004 2 1
2008 2 2
2011 2 1
2019 2 2
2020 3 3
2024 4 4
2026 2 2
2027 4 4
2028 1 1
2035 4 4
2037 4 4
2038 4 4
2039 4 4
2042 4 4
2044 4 4
2045 4 4
2047 4 4
2049 4 4
2050 4 4
2052 4 4
2055 4 4
2056 4 4
2057 4 4
2059 4 3
2060 4 4
2062 4 3
2063 3 2
2064 4 3
2067 4 3
2069 4 3
2070 4 3
2071 4 3
2086 1 1
2090 1 1
2091 1 1
2107 1 1
2110 2 1
2120 1 1
2121 1 1
2123 2 1
2129 1 1
2130 2 1
2144 4 2
2149 3 2
2154 2 1
2158 2 1
2162 3 1
2178 2 1
2179 2 1
2181 2 1
2183 1 1
2190 1 1
2195 1 1
2205 1 1
2208 1 1
2210 1 1
2211 1 1
2213 1 1
2215 1 1
2220 1 1
2222 1 1
2230 1 1
2235 1 1
2258 1 1
2260 1 3
2266 1 2
2304 1 1
2341 4 3
2344 3 4
2345 4 3
2350 3 2
2360 2 2
2362 3 3
2366 4 4
2369 4 4
2372 3 2
2376 4 3
2380 4 3
2384 3 3
2385 1 1
2386 1 1
2387 1 1
2388 1 1
2389 1 1
2390 1 1
2392 1 1
2393 2 1
2394 1 1
2395 1 1
2398 1 1
2399 1 1
2400 1 1
2401 1 1
2402 1 1
2403 1 1
2404 1 1
2407 1 1
2408 1 1
2409 2 1
2410 1 1
2411 1 1
2412 1 1
2414 1 1
2415 1 1
2416 1 1
2417 2 4
2418 1 1
2419 1 1
2421 1 1
2422 1 2
2424 1 1
2425 1 1
2426 1 1
2427 1 1
2428 1 1
2430 1 1
2431 1 1
2432 2 2
2433 1 2
2434 2 2
2435 1 2
2436 2 2
2437 1 1
2438 1 1
2439 1 2
2440 1 2
2441 2 2
2442 1 2
2444 1 1
2445 1 2
2447 1 1
2448 1 2
2449 1 1
2450 1 1
2451 2 2
2453 1 2
2454 1 1
2455 1 1
2456 2 2
2457 1 2
2458 1 2
2459 4 2
2462 2 2
2463 1 2
2464 3 3
2465 2 2
2466 3 2
2467 2 2
2468 1 1
2469 3 2
2470 2 2
2472 1 2
2473 2 2
2474 2 2
2475 1 2
2476 2 3
2477 2 2
2478 3 3
2479 2 2
2480 1 1
2481 2 2
2482 2 2
2483 2 2
2484 2 2
2486 2 2
2487 3 3
2490 2 2
2493 3 3
2494 2 2
2495 2 2
2496 3 3
2497 2 2
2498 3 4
2500 4 4
2501 1 2
2502 2 3
2503 3 3
2506 2 3
2507 2 2
2508 2 2
2510 2 2
2511 3 3
2513 2 2
2514 2 2
2515 2 2
2517 1 1
2518 1 1
2519 2 2
2520 2 1
2521 2 3
2522 2 1
2523 3 3
2524 1 1
2525 2 2
2526 3 3
2527 1 1
2528 2 3
2529 1 1
2530 2 2
2532 2 3
2533 2 2
2534 3 3
2536 2 3
2538 2 2
2539 2 3
2540 2 3
2541 2 3
2543 2 3
2544 3 3
2545 2 3
2549 2 3
2550 3 3
2573 3 3
2574 4 4
2575 3 3
2577 4 4
2578 2 2
2579 3 3
2580 3 3
2581 3 3
2582 3 3
2583 2 2
2584 2 3
2586 2 3
2587 3 3
2594 3 4
2595 3 4
2596 3 3
2598 3 4
2600 3 4
2603 1 1
2604 3 3
2606 1 3
2607 3 3
2608 1 2
2609 4 3
2610 2 3
2612 3 3
2613 2 1
2614 1 1
2616 2 1
2617 2 1
2619 1 1
2620 4 4
2621 4 4
2622 3 3
2624 4 4
2625 4 4
2626 4 4
2627 4 4
2628 4 4
2629 3 4
2631 4 4
2632 4 4
2633 3 3
2634 3 4
2635 2 4
2636 4 4
2637 4 4
2638 4 4
2639 4 4
2640 4 4
2641 3 3
2642 4 4
2644 4 4
2645 4 4
2646 4 4
2647 4 4
2648 2 2
2649 4 4
2650 3 4
2651 4 4
2653 4 4
2654 4 4
2655 4 4
2656 4 4
2657 4 4
2658 3 3
2659 4 4
2660 4 4
2661 4 4
2662 4 4
2663 4 4
2664 4 4
2665 4 4
2666 3 4
2667 4 4
2668 3 3
2669 4 4
2670 4 4
2671 4 4
2672 4 4
2674 3 4
2675 4 4
2676 4 4
2677 3 3
2678 4 4
2679 3 4
2680 3 3
2681 4 4
2682 3 4
2684 4 4
2685 2 3
2686 3 4
2687 4 4
2688 4 4
2689 4 4
2690 4 4
2691 4 4
2692 4 4
2694 4 4
2695 1 2
2696 3 4
2697 1 3
2698 4 4
2699 3 3
2700 4 4
2701 4 4
2702 1 2
2703 3 4
2704 4 4
2705 4 4
2706 4 4
2707 3 3
2708 1 1
2709 4 4
2710 4 4
2711 4 4
2712 4 4
2713 4 4
2714 4 4
2715 4 4
2716 4 4
2717 1 2
2718 2 3
2719 2 3
2720 2 2
2721 4 4
2722 4 4
2723 4 4
2724 2 2
2725 3 4
2726 2 3
2727 3 3
2728 2 3
2729 4 4
2730 4 3
2731 4 4
2732 2 2
2733 4 4
2734 4 3
2735 4 4
2736 4 4
2737 2 3
2738 4 4
2739 4 4
2740 4 4
2741 3 4
2742 4 4
2743 3 4
2744 4 4
2745 4 4
2746 3 4
2747 3 4
2748 1 1
2749 4 4
2750 4 3
2751 4 4
2753 4 4
2754 3 3
2755 4 4
2756 3 3
2757 3 3
2758 4 4
2759 3 4
2760 1 1
2761 1 1
2764 2 1
2765 1 1
2767 2 1
2768 2 2
2769 4 3
2770 2 3
2771 1 1
2773 2 2
2774 1 2
2775 1 1
2776 3 3
2777 4 3
2778 3 3
2780 3 3
2781 2 3
2782 4 4
2783 2 3
2785 3 4
2786 3 3
2787 2 4
2788 3 4
2789 2 3
2790 2 2
2791 1 2
2792 1 1
2793 2 3
2794 3 3
2795 4 4
2796 4 4
2797 4 4
2798 4 3
2799 3 3
2800 1 1
2801 3 3
2802 3 3
2803 3 3
2804 3 3
2805 3 3
2806 2 2
2807 3 4
2808 3 3
2809 3 4
2810 3 3
2811 2 3
2812 1 1
2813 3 4
2814 1 2
2815 3 3
2816 3 3
2817 3 4
2818 4 4
2819 4 4
2820 3 3
2821 2 3
2823 3 3
2824 3 4
2825 1 1
2826 4 4
2827 4 4
2828 4 4
2829 1 2
2830 3 3
2831 3 4
2832 1 1
2833 3 4
2834 4 4
2835 1 2
2836 4 4
2837 3 3
2838 2 3
2839 3 4
2840 1 1
2841 4 3
2842 3 3
2843 2 3
2844 1 2
2845 2 3
2846 3 4
2847 1 2
2848 3 3
2852 3 3
2853 3 3
2854 3 3
2855 3 3
2858 1 3
2859 4 3
2860 1 2
2861 1 2
2862 2 2
2863 4 3
2864 3 3
2865 3 3
2866 3 3
2867 3 3
2868 4 4
2869 2 2
2870 1 1
2871 1 1
2872 1 1
2873 2 2
2874 1 1
2876 1 1
2877 1 1
2878 1 1
2880 1 1
2881 1 1
2882 1 1
2883 4 4
2884 4 4
2885 1 1
2886 4 4
2887 4 3
2888 3 3
2889 4 4
2890 2 1
2891 2 2
2892 2 2
2893 3 2
2895 4 4
2896 3 3
2897 2 3
2898 1 2
2899 1 2
2900 1 1
2902 2 3
2903 4 3
2904 3 4
2905 4 4
2906 4 4
2907 2 3
2908 3 4
2909 2 3
2910 2 2
2911 2 2
2913 4 4
2914 3 3
2915 3 3
2916 3 3
2917 4 4
2918 3 3
2919 4 4
2920 3 3
2921 3 3
2922 2 3
2924 3 3
2926 3 3
2928 3 3
2929 2 2
2931 2 2
2932 2 2
2933 2 2
2934 2 2
2935 2 3
2936 3 2
2937 3 3
2938 3 3
2939 3 3
2940 3 3
2941 3 3
2942 2 2
2943 3 3
2944 2 2
2945 1 1
2946 3 3
2947 2 2
2948 3 3
2949 2 3
2950 3 3
2951 2 2
2953 2 2
2954 2 2
2955 1 1
2956 3 3
2957 4 4
2958 2 2
2959 2 2
2960 2 2
2964 2 2
2965 2 2
2966 1 2
2967 1 1
2969 2 2
2970 3 3
2971 2 2
2972 3 3
2973 3 3
2974 3 3
2976 2 2
2977 2 2
2978 3 3
2979 3 3
2980 2 2
2981 3 3
2982 2 2
2983 2 2
2984 1 1
2985 1 1
2987 1 1
2989 1 1
2990 1 1
2991 1 1
2993 1 1
2994 2 2
2995 2 2
2996 2 2
2998 2 1
2999 1 1
3002 2 2
3003 2 2
3004 2 2
3006 1 1
3023 1 1
3024 1 1
3026 1 1
3027 2 2
3030 1 1
3032 2 1
3035 2 1
3036 3 1
3037 1 2
3038 2 2
3040 3 2
3041 4 2
3042 1 1
3046 1 1
3047 3 2
3048 1 1
3049 2 2
3052 2 2
3053 2 2
3054 4 2
3056 4 4
3057 2 2
3059 1 2
3061 3 2
3062 4 3
3064 3 2
3068 3 2
3069 4 3
3073 4 3
3074 4 3
3075 4 2
3076 2 1
3077 4 3
3078 4 4
3081 4 3
3085 1 1
3086 1 1
3087 1 1
3088 1 1
3089 4 1
3091 3 1
3092 3 1
3094 2 1
3095 1 1
3096 3 1
3097 1 1
3100 2 2
3103 3 2
3105 2 1
3108 2 1
3110 1 2
3114 3 2
3115 1 1
3117 3 2
3119 2 1
3124 4 1
3125 4 2
3127 1 1
3128 2 2
3129 2 2
3132 2 1
3134 1 1
3135 1 1
3137 1 2
3139 1 1
3140 2 2
3141 1 1
3143 1 1
3144 2 1
3146 1 1
3147 1 1
3149 1 1
3151 2 2
3153 1 1
3155 2 2
3156 1 1
3160 2 1
3180 2 2
3182 2 1
3183 2 2
3184 3 2
3185 2 2
3186 2 2
3187 2 2
3192 2 2
3194 2 2
3195 3 2
3198 3 2
3200 3 2
3202 3 2
3285 2 2
3286 2 2
3294 3 2
3304 3 2
3316 2 1
3319 2 1
3328 2 1
3333 2 2
3340 2 2
3347 2 2
3635 1 1
3636 1 1
3639 1 1
3642 1 1
3643 1 1
3644 1 1
3645 1 1
3646 1 1
3649 1 1
3650 1 1
3653 1 1
3654 2 1
3656 1 2
3657 2 2
3660 2 2
3661 3 3
3663 2 2
3664 2 2
3667 2 2
3668 3 3
3669 3 3
3670 3 3
3671 3 4
3674 3 3
3675 2 2
3678 2 2
3681 2 2
3682 2 3
3685 3 3
3686 3 3
3687 3 3
3688 3 3
3689 3 3
3690 3 2
3691 3 3
3692 2 2
3693 2 3
3694 3 2
3695 3 2
3696 2 2
3697 2 2
3698 2 2
3699 3 2
3701 1 1
3702 1 1
3705 2 2
3706 2 2
3709 2 2
3711 2 1
3712 3 2
3713 3 3
3714 3 2
3715 3 2
3718 4 3
3719 3 3
3720 3 2
3721 2 2
3723 3 3
3724 3 3
3725 3 3
3726 3 3
3727 4 3
3728 3 3
3729 4 4
3732 3 3
3733 4 3
3735 1 2
3736 4 4
3737 4 4
3738 4 3
3739 1 1
3740 1 1
3741 1 1
3742 1 1
3744 1 1
3745 1 1
3746 1 1
3747 1 1
3748 1 1
3749 1 1
3751 1 1
3752 1 1
3753 1 1
3755 1 1
3756 1 1
3759 1 1
3760 2 1
3761 2 2
3762 2 2
3763 1 1
3765 2 2
3766 2 2
3767 2 2
3769 2 2
3770 1 1
3771 1 1
3772 2 2
3773 2 2
3774 1 1
3776 1 1
3777 2 1
3778 1 1
3781 1 1
3784 1 1
3785 1 1
3786 1 1
3787 1 1
3788 1 1
3789 1 1
3790 1 1
3791 1 1
3792 1 1
3793 1 1
3795 1 1
3796 1 1
3797 1 1
3798 1 1
3799 1 1
3800 1 1
3802 1 1
3803 1 1
3804 1 1
3806 2 1
3807 1 1
3808 1 1
3809 2 1
3810 2 2
3811 1 1
3813 4 3
3814 2 2
3815 3 3
3816 3 3
3817 4 4
3818 3 4
3819 3 3
3820 4 3
3821 3 3
3824 3 3
3825 3 3
3826 4 4
3828 3 3
3829 3 3
3830 4 3
3831 4 3
3832 3 3
3835 4 4
3836 4 4
3838 1 1
3839 3 2
3842 4 4
3843 4 3
3844 3 3
3845 4 4
3846 4 4
3847 3 3
3848 4 3
3849 1 1
3850 4 4
3851 1 1
3852 4 4
3853 1 2
3856 1 1
3857 4 4
3859 4 4
3860 3 3
3861 4 4
3862 4 4
3863 3 4
3865 3 3
3866 3 3
3867 1 1
3868 4 4
3869 3 3
3871 1 1
3872 4 4
3874 3 3
3877 3 3
3878 4 4
3881 3 3
3882 4 4
3885 1 1
3887 2 2
3890 3 2
3891 2 2
3894 2 2
3895 1 1
3896 2 2
3897 3 2
3898 2 2
3901 3 3
3902 1 1
3903 2 2
3904 1 2
3906 2 2
3907 1 1
3908 2 2
3909 3 2
3910 2 1
3912 3 3
3913 3 3
3914 3 4
3915 4 4
3916 4 4
3917 4 4
3918 3 3
3919 3 3
3920 3 3
3921 2 2
3922 2 2
3923 1 1
3924 1 1
3925 1 1
3928 2 2
3929 2 2
3931 3 3
3932 3 3
3935 3 3
3936 3 3
3937 4 4
3938 3 4
3939 3 4
3940 3 3
3941 4 4
3942 4 4
3943 4 4
3944 4 4
3945 4 4
3947 4 4
3948 1 1
3949 4 4
3950 4 4
3951 3 3
3953 3 4
3956 3 4
3957 3 3
3958 3 3
3959 4 4
3960 4 4
3962 3 3
3963 3 3
3964 3 3
3965 3 4
3966 4 4
3967 3 3
3968 3 3
3969 4 4
3970 1 1
3971 4 4
3972 4 4
3973 4 4
3975 4 4
3976 4 4
3978 1 1
3981 1 1
3982 2 1
3984 1 1
3985 1 1
3987 1 1
3988 2 2
3989 3 2
3991 2 2
3992 1 2
3994 3 3
3995 2 2
3996 2 2
3997 3 3
3998 4 4
3999 4 4
4000 3 3
4001 3 3
4002 4 4
4004 3 3
4005 2 2
4007 2 1
4008 2 2
4009 3 3
4010 1 2
4011 3 3
4012 3 3
4013 4 4
4014 1 1
4015 3 3
4016 4 4
4017 4 4
4018 3 3
4019 3 4
4020 1 1
4021 4 4
4022 3 4
4023 3 3
4024 3 4
4025 4 4
4026 4 4
4028 4 4
4029 2 3
4030 2 2
4031 1 1
4032 4 4
4033 4 4
4035 1 1
4036 1 1
4037 2 2
4039 2 2
4040 2 2
4041 2 3
4042 3 3
4043 3 3
4044 2 3
4045 2 2
4047 4 4
4048 4 4
4049 1 1
4050 3 3
4051 2 2
4053 3 4
4054 4 4
4055 3 3
4056 3 3
4057 3 4
4058 4 4
4060 4 4
4061 3 3
4062 3 3
4063 3 3
4064 1 2
4065 4 4
4066 3 4
4067 3 3
4068 3 4
4069 4 4
4070 3 3
4072 3 3
4073 2 3
4074 2 2
4075 1 2
4076 4 4
4078 2 2
4079 2 3
4080 3 3
4081 2 2
4083 2 2
4085 2 3
4086 3 3
4087 4 4
4090 3 3
4091 4 4
4092 2 3
4093 1 1
4094 2 3
4095 2 2
4097 4 3
4098 3 3
4100 2 2
4101 2 2
4102 3 3
4104 4 4
4105 3 2
4108 2 2
4111 1 2
4112 3 2
4113 3 3
4114 2 2
4115 3 2
4116 1 1
4117 2 2
4118 4 4
4119 2 2
4120 3 3
4122 3 2
4123 3 2
4125 2 2
4126 1 1
4127 3 2
4128 4 4
4129 4 4
4130 2 2
4131 2 2
4132 2 2
4133 4 3
4134 2 2
4135 3 2
4136 2 2
4137 2 2
4140 1 1
4141 1 1
4142 2 2
4144 4 2
4145 2 2
4146 4 4
4147 1 1
4148 2 1
4150 1 1
4151 1 1
4152 2 1
4153 3 2
4154 1 1
4157 2 2
4158 1 1
4159 1 1
4160 1 1
4161 1 1
4162 2 1
4163 1 1
4165 1 1
4167 1 1
4168 1 1
4169 1 1
4170 1 1
4171 1 1
4172 1 1
4174 1 1
4177 2 1
4178 1 1
4180 1 1
4184 1 1
4187 1 1
4189 1 1
4190 1 1
4191 1 1
4192 1 1
4193 1 1
4194 1 1
4195 1 1
4197 1 1
4199 1 1
4201 1 1
4202 1 1
4203 1 1
4204 1 1
4205 1 1
4206 1 1
4207 1 1
4208 1 1
4209 1 1
4210 1 1
4214 1 1
4215 1 1
4217 1 2
4219 1 2
4221 1 1
4223 1 1
4225 2 2
4226 2 2
4227 1 1
4228 1 1
4229 1 1
4230 2 2
4232 1 1
4233 2 2
4234 1 1
4235 2 1
4236 2 2
4240 2 1
4241 2 2
4242 1 1
4247 2 2
4249 1 1
4254 2 3
4256 1 2
4260 2 2
4261 2 2
4266 2 2
4269 1 2
4270 2 2
4272 2 2
4276 2 2
4279 3 2
4289 1 1
4290 2 2
4293 1 1
4294 2 2
4295 1 1
4297 1 1
4309 2 2
4313 2 2
4314 2 2
4315 3 2
4317 3 2
4323 2 2
4325 2 2
4327 2 2
4330 1 1
4331 2 2
4336 1 1
4337 2 2
4338 1 1
4339 1 1
4343 1 1
4344 1 1
4345 1 1
4347 2 2
4349 2 2
4353 1 1
4355 1 1
4356 1 1
4357 1 1
4358 1 1
4359 1 1
4360 1 1
4361 1 1
4364 1 1
4365 1 1
4369 1 1
4378 2 2
4379 2 2
4380 2 1
4381 1 1
4384 2 2
4385 3 2
4387 2 2
4391 1 1
4393 2 1
4394 1 1
4396 1 1
4397 1 1
4399 1 1
4401 2 1
4405 2 2
4407 2 2
4408 2 2
4410 1 1
4411 2 2
4412 2 2
4413 2 2
4418 2 2
4420 2 2
4422 2 2
4424 2 2
4425 2 2
4426 2 2
4427 2 2
4428 1 2
4429 2 2
4430 2 2
4431 2 2
4432 2 2
4434 2 2
4436 2 2
4438 2 2
4445 2 1
4447 2 2
4450 1 1
4451 2 2
4457 3 2
4465 4 4
4467 3 3
4474 2 2
4475 1 2
4481 2 3
4482 3 4
4489 3 3
4490 2 2
4492 3 4
4496 3 2
4500 3 3
4501 4 4
4504 2 1
4507 3 2
4508 3 3
4509 3 4
4510 4 4
4513 3 4
4514 3 3
4517 4 4
4520 4 4
4521 3 3
4522 3 2
4524 2 3
4525 3 3
4526 1 2
4527 2 3
4528 4 4
4530 3 3
4531 3 3
4532 3 3
4533 2 2
4534 3 3
4536 4 4
4537 3 3
4539 4 4
4541 4 4
4544 3 2
4545 4 4
4546 4 4
4547 4 4
4548 2 2
4549 4 4
4551 4 3
4553 4 4
4554 4 4
4556 4 4
4557 3 4
4558 4 4
4559 1 1
4560 3 4
4561 4 4
4564 4 4
4565 3 4
4566 4 2
4568 4 4
4571 3 3
4572 4 4
4574 4 4
4575 4 4
4576 3 4
4577 4 4
4579 4 4
4580 4 4
4582 4 3
4584 2 2
4586 4 4
4588 3 2
4589 2 3
4590 4 3
4591 2 3
4592 2 2
4593 3 3
4596 3 4
4598 4 4
4600 2 3
4601 3 4
4602 4 4
4603 1 1
4604 3 3
4606 2 2
4608 4 4
4609 4 4
4610 3 2
4611 4 4
4612 4 4
4613 4 3
4614 2 2
4615 3 3
4616 4 4
4618 1 2
4620 3 4
4621 2 1
4622 3 4
4623 2 3
4624 3 3
4625 3 2
4626 2 2
4628 1 1
4629 4 4
4630 2 3
4631 4 4
4632 3 3
4633 3 4
4636 2 2
4638 3 4
4639 3 2
4640 4 4
4641 3 3
4642 4 4
4643 3 3
4645 4 4
4646 3 3
4647 2 2
4648 3 3
4649 1 1
4650 2 3
4652 2 4
4653 4 4
4654 3 3
4655 3 3
4656 1 1
4657 4 4
4658 4 3
4659 3 3
4660 4 4
4661 3 3
4663 4 4
4664 4 4
4665 3 3
4666 3 3
4667 4 4
4668 4 4
4670 4 3
4671 4 4
4672 3 3
4673 4 3
4674 3 4
4675 3 4
4677 3 3
4678 3 3
4679 1 1
4680 3 3
4681 3 3
4682 3 4
4683 2 3
4684 3 3
4685 3 3
4686 3 4
4688 2 3
4689 2 2
4691 2 3
4692 2 3
4693 3 4
4694 2 3
4695 2 3
4696 4 4
4698 2 2
4699 1 1
4700 2 2
4701 1 1
4702 1 1
4703 1 1
4705 2 2
4706 2 2
4707 1 2
4708 2 3
4709 2 2
4710 2 3
4711 3 3
4712 2 2
4713 2 2
4714 2 2
4715 2 2
4716 3 3
4717 2 3
4718 3 3
4719 2 3
4720 1 1
4721 2 2
4722 1 1
4723 3 3
4725 2 2
4726 2 1
4727 2 2
4728 1 1
4729 2 3
4730 3 4
4731 2 3
4732 3 3
4733 3 3
4734 3 3
4735 1 2
4736 1 1
4737 3 3
4738 3 4
4740 3 3
4741 4 4
4742 2 2
4743 3 4
4744 4 4
4745 4 4
4746 4 3
4747 3 4
4748 4 4
4749 3 4
4750 1 2
4751 3 4
4752 3 4
4753 3 3
4754 2 2
4755 3 3
4756 3 4
4757 3 3
4758 4 4
4759 4 4
4760 3 4
4761 3 4
4762 1 1
4763 4 4
4764 3 3
4765 3 3
4766 4 4
4767 3 3
4768 1 1
4770 3 3
4771 3 4
4772 3 4
4773 3 3
4774 4 4
4775 3 3
4777 4 4
4778 4 4
4779 3 4
4780 4 4
4781 1 2
4782 3 3
4783 1 1
4784 3 4
4785 3 3
4786 4 3
4787 1 2
4789 3 4
4790 1 1
4791 4 4
4792 1 2
4793 2 2
4794 1 1
4796 4 4
4797 3 3
4798 1 1
4799 4 4
4800 1 1
4802 4 4
4803 4 4
4804 1 2
4805 2 3
4806 3 4
4807 4 4
4808 3 4
4809 3 4
4810 4 4
4811 4 4
4812 3 4
4813 4 4
4815 4 4
4816 3 3
4817 3 3
4818 2 1
4819 2 1
4820 3 2
4822 1 1
4823 3 3
4824 4 4
4825 4 4
4826 1 2
4827 3 4
4828 4 4
4829 4 4
4830 3 3
4831 3 3
4832 3 4
4833 4 4
4834 4 4
4835 4 4
4837 3 3
4838 1 2
4839 4 4
4840 4 4
4841 4 4
4842 3 4
4843 1 1
4844 4 4
4845 4 4
4846 4 4
4847 3 4
4848 3 3
4849 1 1
4850 4 4
4851 4 4
4852 3 4
4853 3 4
4855 4 4
4856 4 4
4857 1 1
4858 1 1
4859 3 3
4860 4 4
4861 4 4
4862 4 4
4863 3 4
4864 1 2
4866 4 4
4867 1 1
4868 4 4
4869 4 4
4870 3 3
4871 4 4
4872 2 3
4873 4 4
4874 4 4
4875 3 4
4876 3 4
4877 4 4
4878 4 4
4879 4 4
4880 3 4
4881 3 4
4882 3 4
4883 4 4
4884 4 4
4885 4 4
4886 3 3
4887 4 4
4888 3 3
4889 4 4
4890 1 1
4891 4 4
4892 3 3
4893 3 4
4894 4 4
4895 4 4
4896 4 4
4897 3 4
4898 4 4
4899 3 3
4901 4 4
4902 4 4
4903 3 3
4904 3 4
4905 4 4
4906 4 4
4907 3 3
4909 1 1
4910 3 3
4911 4 4
4912 4 4
4913 4 4
4914 4 3
4915 3 3
4916 4 4
4917 4 4
4918 3 3
4919 3 4
4920 1 1
4921 3 3
4922 3 4
4923 3 4
4924 4 4
4925 3 3
4926 3 4
4927 4 4
4928 4 4
4929 3 3
4930 4 4
4931 2 3
4932 3 3
4933 4 4
4934 4 4
4935 4 4
4936 3 3
4937 3 4
4938 4 4
4939 1 1
4940 3 3
4941 4 4
4942 3 4
4943 3 3
4944 4 4
4945 1 1
4946 4 4
4947 3 3
4948 3 3
4949 4 4
4950 4 4
4951 3 3
4952 4 4
4953 1 1
4954 3 3
4955 4 4
4956 1 1
4957 4 4
4958 3 3
4959 3 3
4960 4 4
4961 2 2
4962 4 3
4963 2 3
4964 1 1
4965 2 2
4966 2 2
4967 3 4
4968 3 4
4969 3 3
4970 3 3
4971 4 4
4972 4 4
4973 1 1
4974 4 4
4975 3 3
4976 2 2
4977 1 2
4978 4 4
4979 4 4
4980 2 2
4981 3 3
4982 4 4
4991 4 4
4992 4 4
4993 4 4
4994 4 4
4995 2 3
4996 4 4
4997 4 4
4998 3 3
4999 2 3
5001 4 4
5002 3 3
5003 2 3
5004 2 4
5005 4 4
5006 3 4
5007 4 4
5016 4 4
5017 4 4
5018 4 4
5019 2 4
5020 3 4
5022 4 4
5023 3 4
5024 3 4
5025 4 4
5026 4 4
5027 3 4
5028 4 4
5029 4 4
5030 4 4
5031 3 3
5032 3 4
5038 2 3
5040 3 4
5041 4 4
5042 3 3
5043 3 3
5044 4 4
5045 4 4
5046 3 4
5047 3 3
5048 3 3
5049 2 2
5050 2 2
5051 2 3
5052 4 4
5053 2 3
5054 2 2
5055 3 3
5056 3 3
5057 3 3
5065 3 3
5066 2 3
5067 2 2
5068 2 2
5069 3 3
5070 3 3
5071 2 2
5072 3 3
5073 3 2
5075 2 2
5076 2 2
5077 4 3
5078 2 2
5079 2 2
5080 3 3
5081 3 3
5085 1 1
5086 2 2
5087 1 2
5088 2 2
5089 2 2
5090 1 2
5091 2 2
5093 2 2
5094 2 2
5095 2 2
5096 1 1
5097 2 2
5098 3 2
5099 2 2
5100 2 2
5101 2 2
5102 2 2
5103 1 1
5104 2 2
5105 3 3
5106 3 3
5107 2 2
5108 2 2
5109 2 2
5110 2 2
5111 2 2
5112 3 2
5113 1 1
5114 1 2
5115 2 2
5116 1 1
5117 3 3
5118 2 2
5119 1 1
5121 1 1
5122 2 2
5124 3 2
5125 2 2
5127 1 1
5128 2 2
5129 2 2
5130 2 2
5131 1 1
5132 1 1
5133 1 1
5134 1 1
5135 1 1
5136 1 1
5137 1 1
5138 2 2
5139 1 1
5140 1 1
5142 3 2
5143 2 1
5144 1 1
5145 2 1
5146 2 1
5147 2 1
5148 1 1
5149 3 3
5150 1 1
5151 1 1
5152 1 1
5153 2 1
5154 1 1
5155 1 1
5156 1 1
5157 1 1
5158 1 1
5159 1 1
5160 1 1
5161 1 1
5162 1 1
5163 2 1
5164 1 1
5165 1 1
5166 1 1
5167 1 1
5168 1 1
5169 1 1
5170 2 1
5171 2 2
5172 1 1
5173 2 1
5176 2 1
5177 2 2
5178 2 2
5179 1 1
5180 1 1
5181 2 1
5182 1 1
5183 1 1
5184 2 1
5188 1 1
5189 2 1
5190 1 1
5191 2 1
5192 1 1
5194 1 1
5195 1 1
5196 1 1
5197 1 1
5198 1 1
5199 1 1
5201 1 1
5202 1 1
5203 1 1
5204 1 1
5205 1 1
5206 1 1
5207 1 1
5208 1 1
5209 1 1
5210 1 1
5212 2 2
5213 1 1
5214 2 2
5215 1 1
5216 2 1
5217 2 1
5220 1 1
5222 1 1
5223 1 1
5224 2 1
5225 3 2
5226 2 2
5227 1 1
5228 1 1
5229 1 1
5230 1 1
5231 2 2
5232 2 2
5233 2 1
5236 1 1
5237 2 1
5238 2 1
5241 2 1
5243 1 1
5244 1 1
5246 1 1
5247 2 1
5248 1 1
5249 1 1
5253 1 1
5258 2 1
5259 2 2
5261 2 2
5262 1 1
5263 1 2
5265 1 2
5266 2 2
5268 2 2
5270 1 1
5271 2 2
5272 3 2
5274 2 1
5278 2 2
5279 2 2
5280 2 1
5281 1 1
5282 1 1
5283 1 1
5285 1 1
5287 1 1
5289 2 2
5290 2 2
5291 1 2
5293 2 2
5294 2 2
5295 1 2
5296 1 1
5297 2 2
5298 1 1
5299 1 2
5301 2 2
5303 1 1
5304 2 2
5305 2 2
5307 1 2
5308 2 2
5310 2 2
5312 2 2
5313 1 1
5316 2 2
5318 1 1
5319 2 2
5321 1 2
5323 1 1
5324 1 2
5326 2 1
5328 1 1
5329 2 2
5332 1 1
5335 1 2
5337 2 2
5338 1 1
5340 2 2
5341 1 2
5342 2 2
5343 1 1
5344 1 1
5345 1 1
5346 1 1
5349 1 1
5350 1 2
5352 2 1
5353 1 1
5354 2 1
5355 2 2
5356 2 1
5357 2 2
5358 2 2
5359 2 2
5360 2 2
5361 2 2
5362 2 2
5363 2 2
5365 1 2
5366 2 2
5367 1 1
5368 1 1
5369 2 2
5370 2 2
5371 1 1
5373 2 2
5374 2 1
5375 1 1
5376 2 2
5377 3 2
5378 2 1
5380 2 2
5381 2 2
5382 2 1
5383 2 1
5384 2 2
5385 2 2
5386 2 2
5387 2 1
5388 2 2
5390 1 1
5391 2 1
5392 2 1
5393 2 1
5395 2 1
5396 2 1
5397 1 1
5398 2 1
5399 2 1
5400 2 1
5401 2 1
5402 2 1
5404 2 1
5405 2 2
5406 3 2
5407 2 1
5408 2 1
5409 3 2
5411 2 2
5412 2 2
5414 2 1
5415 1 1
5416 2 1
5418 2 2
5419 2 1
5420 2 2
5421 2 2
5424 3 2
5425 2 1
5426 1 1
5427 2 2
5428 2 2
5429 2 1
5430 2 1
5431 2 1
5432 2 1
5433 1 1
5434 2 2
5436 1 1
5437 1 1
5439 1 1
5440 1 1
5441 2 1
5443 2 1
5446 2 1
5448 2 2
5449 2 1
5450 2 1
5451 2 1
5453 2 1
5454 2 2
5455 2 2
5457 2 2
5458 2 2
5461 2 2
5462 3 2
5463 3 2
5469 2 2
5470 2 2
5471 3 2
5475 2 2
5477 3 3
5478 3 2
5479 3 2
5480 3 3
5481 3 2
5482 3 2
5483 3 3
5484 3 2
5485 3 2
5486 2 2
5490 3 3
5491 2 2
5496 3 2
5498 2 2
5500 2 2
5502 3 2
5504 2 2
5509 3 2
5511 2 2
5514 3 2
5515 3 3
5518 2 2
5527 3 3
5535 3 2
5538 2 2
5539 3 2
5540 2 1
5541 2 2
5542 2 2
5544 2 2
5545 2 2
5546 2 2
5548 3 3
5550 3 2
5552 2 2
5554 1 1
5556 3 3
5558 2 1
5563 2 2
5574 2 2
5575 2 2
5583 2 2
5587 2 2
5588 2 2
5590 1 2
5595 2 2
5596 2 2
5604 2 2
5608 3 2
5612 2 2
5631 1 2
5632 2 2
5634 2 2
5635 2 2
5636 1 2
5638 1 2
5641 2 2
5644 1 1
5645 2 2
5649 1 1
5650 1 2
5660 2 2
5661 1 2
5662 2 2
5664 1 1
5665 1 2
5668 1 2
5669 1 1
5671 1 1
5679 2 2
5680 2 2
5682 1 1
5683 1 2
5684 1 1
5686 1 2
5687 2 2
5688 1 1
5690 1 2
5691 1 1
5694 1 2
5695 1 1
5696 2 2
5697 2 2
5698 1 2
5700 1 2
5701 2 2
5702 2 2
5703 2 2
5704 2 2
5705 2 2
5707 1 1
5708 1 1
5709 1 1
5710 1 1
5711 1 1
5712 2 2
5713 2 1
5715 1 1
5716 1 1
5717 2 2
5718 1 1
5720 2 1
5721 1 1
5722 2 2
5723 2 2
5724 1 1
5725 1 1
5726 3 2
5727 2 3
5728 2 2
5729 1 1
5730 2 2
5731 2 2
5732 2 2
5733 1 1
5734 3 3
5735 2 2
5736 2 2
5737 2 3
5738 1 1
5739 1 2
5740 2 2
5741 2 2
5742 4 3
5743 2 2
5744 1 1
5753 3 3
5754 3 3
5755 2 3
5756 2 3
5757 2 2
5758 1 2
5759 3 4
5760 3 3
5761 2 2
5762 3 2
5763 3 3
5764 2 2
5765 3 3
5766 2 2
5767 1 2
5768 2 2
5769 3 3
5771 2 2
5772 3 2
5773 2 2
5775 2 2
5776 2 3
5778 3 3
5781 3 3
5782 3 3
5785 2 2
5789 2 2
5790 2 3
5791 3 2
5793 3 2
5794 2 2
5796 3 3
5797 1 1
5799 2 2
5803 2 2
5807 2 3
5808 2 3
5809 3 3
5811 3 3
5812 3 2
5814 3 3
5817 3 3
5818 2 2
5820 1 1
5821 4 3
5823 2 2
5825 3 2
5826 3 3
5827 3 3
5828 1 1
5829 3 3
5830 3 3
5831 3 3
5835 4 4
5836 4 3
5839 3 4
5840 1 1
5841 3 3
5843 3 3
5844 4 4
5845 3 4
5847 3 3
5848 4 4
5850 3 3
5853 2 3
5854 3 3
5855 3 3
5857 3 3
5861 3 4
5862 3 3
5864 3 3
5865 3 3
5866 3 3
5868 3 3
5869 1 1
5871 4 3
5874 4 4
5875 3 4
5878 1 1
5879 4 4
5883 1 1
5884 1 1
5885 3 4
5886 3 3
5887 3 2
5888 2 2
5889 2 2
5890 1 1
5891 1 1
5892 1 1
5893 1 1
5894 1 1
5895 1 1
5896 2 2
5897 2 2
5898 1 1
5899 3 3
5900 3 3
5901 1 1
5902 1 1
5904 4 3
5906 3 4
5907 3 3
5908 3 3
5909 3 4
5910 3 3
5911 4 4
5912 3 3
5913 3 3
5914 4 4
5915 3 4
5916 1 2
5917 1 2
5918 3 3
5919 3 4
5920 1 2
5921 4 4
5922 4 4
5923 1 1
5924 3 3
5925 4 4
5926 3 4
5928 4 4
5929 4 4
5930 3 3
5931 1 1
5932 2 2
5934 4 4
5936 1 1
5937 4 4
5938 4 4
5939 4 4
5940 3 4
5941 4 4
5942 4 4
5943 1 1
5944 4 4
5946 4 4
5947 4 4
5948 1 2
5949 4 4
5950 4 4
5951 4 4
5952 4 4
5953 3 4
5954 3 3
5955 1 1
5956 4 4
5957 4 4
5958 4 4
5959 4 4
5960 4 4
5961 1 1
5962 4 4
5963 4 4
5964 4 4
5965 4 4
5966 3 3
5967 2 3
5968 4 4
5969 4 4
5970 4 4
5971 2 3
5972 3 3
5973 1 1
5974 4 4
5975 1 2
5976 4 4
5978 1 2
5979 4 4
5981 3 3
5982 1 1
5983 3 3
5985 2 1
5986 4 3
5987 3 3
5988 3 3
5989 1 1
5990 3 3
5992 3 3
5993 3 3
5994 3 4
5995 3 3
5996 1 1
5997 4 4
5999 4 4
6001 4 4
6002 1 2
6003 1 1
6004 4 4
6005 4 4
6006 4 4
6007 4 4
6008 4 4
6009 3 3
6010 4 4
6011 1 1
6012 4 4
6013 1 2
6015 4 4
6016 4 4
6017 4 4
6018 3 4
6019 4 4
6020 3 3
6021 3 3
6022 4 4
6023 4 4
6024 4 4
6025 4 4
6026 4 4
6027 1 1
6028 4 4
6030 4 4
6032 3 3
6033 3 3
6034 3 3
6035 4 4
6036 4 4
6037 4 4
6038 3 3
6039 4 4
6040 4 4
6041 4 4
6042 4 4
6043 4 4
6044 4 4
6045 1 1
6046 4 4
6047 3 3
6048 4 4
6049 4 4
6050 3 3
6051 3 3
6052 1 1
6053 4 4
6054 2 3
6055 4 4
6056 1 1
6057 3 3
6058 4 4
6059 4 4
6060 4 4
6061 2 3
6062 3 4
6063 3 3
6064 4 4
6065 4 4
6066 4 4
6067 3 3
6068 2 3
6069 3 3
6070 2 1
6072 1 1
6073 1 1
6074 1 1
6075 1 1
6076 1 1
6077 2 2
6078 3 2
6079 3 3
6080 3 3
6081 3 3
6082 4 4
6083 3 3
6084 4 4
6085 4 4
6086 1 1
6087 3 3
6088 4 3
6089 4 4
6090 4 4
6091 4 4
6092 2 3
6093 4 4
6094 4 4
6095 4 4
6096 3 4
6097 4 4
6098 3 3
6099 3 4
6100 4 4
6101 4 4
6102 4 4
6103 1 2
6104 2 3
6105 3 4
6106 3 4
6107 4 4
6108 1 1
6109 4 4
6110 3 4
6111 3 4
6112 3 3
6113 3 3
6114 3 3
6115 3 4
6116 3 4
6117 3 4
6118 3 4
6119 4 4
6120 4 4
6121 2 3
6122 4 4
6124 3 3
6125 4 4
6126 3 3
6127 3 3
6128 4 4
6129 4 4
6131 3 4
6132 1 1
6133 4 4
6134 4 4
6135 3 3
6136 4 4
6137 1 1
6138 4 4
6139 4 4
6140 4 4
6141 3 3
6142 4 4
6143 1 1
6144 4 4
6145 3 4
6146 3 3
6147 4 4
6148 4 4
6149 4 4
6150 3 3
6151 1 2
6152 3 3
6153 4 4
6154 4 4
6156 4 4
6157 3 4
6158 3 3
6159 1 1
6161 2 2
6163 2 3
6164 1 1
6165 2 3
6166 4 4
6167 3 4
6168 1 2
6169 4 4
6170 4 4
6171 1 1
6172 4 4
6173 4 4
6174 4 4
6175 1 1
6176 4 4
6177 2 3
6178 3 4
6179 4 4
6180 4 4
6181 3 4
6182 2 3
6183 3 4
6185 3 4
6186 1 1
6187 3 3
6188 3 4
6189 3 3
6190 4 4
6191 2 2
6192 3 4
6193 3 4
6194 2 3
6195 2 3
6196 3 3
6197 3 4
6199 3 3
6200 2 2
6201 1 1
6202 3 3
6203 3 4
6204 3 4
6207 1 1
6208 2 4
6210 3 4
6211 3 3
6214 2 3
6215 3 4
6216 3 4
6217 3 3
6218 3 4
6219 1 1
6220 2 3
6221 3 4
6222 3 4
6223 2 2
6224 2 3
6225 3 4
6226 2 3
6227 3 4
6228 3 3
6229 4 4
6231 2 2
6232 3 3
6233 4 4
6234 4 4
6235 3 3
6237 2 2
6238 3 2
6239 3 3
6240 1 2
6241 4 4
6242 2 2
6243 1 2
6244 3 3
6245 3 4
6246 3 4
6247 1 1
6248 4 4
6249 2 3
6250 3 3
6251 3 4
6252 2 3
6253 1 2
6255 1 1
6256 2 2
6257 3 3
6258 2 2
6260 1 2
6380 3 3
6381 2 2
6382 1 1
6383 2 3
6384 3 4
6387 4 4
6388 2 3
6391 1 1
6392 2 2
6393 1 1
6394 3 3
6395 3 4
6396 2 2
6397 3 3
6398 2 3
6399 4 4
6401 2 3
6402 3 3
6404 2 1
6405 2 2
6407 2 2
6408 3 3
6409 2 3
6411 2 2
6413 2 3
6414 1 2
6415 3 3
6416 3 3
6418 2 1
6419 1 2
6424 2 3
6425 1 2
6428 3 2
6429 2 3
6430 2 3
6431 3 3
6434 2 3
6441 2 3
6442 2 3
6445 4 3
6446 2 3
6447 2 3
6448 3 3
6449 3 3
6452 2 2
6453 3 3
6456 2 3
6458 3 1
6460 3 2
6461 1 1
6462 2 2
6463 4 2
6464 2 2
6465 1 1
6466 1 1
6467 2 2
6468 1 1
6469 2 3
6470 2 2
6471 2 2
6472 1 1
6473 3 2
6474 1 2
6475 2 2
6476 4 3
6477 2 2
6479 1 1
6480 2 2
6482 2 2
6483 2 2
6485 1 1
6486 4 2
6487 2 2
6488 2 3
6489 3 3
6490 2 2
6491 2 3
6492 2 2
6493 2 2
6494 3 2
6495 1 2
6497 2 2
6498 2 2
6499 2 2
6500 2 3
6501 3 3
6503 2 2
6504 2 2
6505 2 3
6506 3 3
6507 1 1
6508 2 2
6510 1 1
6511 1 2
6512 1 2
6513 1 1
6514 1 2
6515 3 3
6516 3 2
6517 2 2
6518 2 2
6519 2 2
6520 3 2
6521 1 1
6522 3 2
6523 2 2
6524 2 2
6525 2 2
6526 2 3
6527 1 1
6528 1 2
6529 1 1
6530 3 2
6531 3 2
6533 1 2
6534 1 2
6535 2 2
6536 2 2
6537 3 2
6538 1 1
6540 1 2
6541 2 3
6542 3 2
6543 1 2
6544 3 2
6545 1 2
6546 1 2
6547 2 2
6548 1 1
6549 2 2
6550 1 2
6551 2 2
6552 2 2
6553 3 2
6554 3 2
6559 1 1
6581 3 2
6583 3 3
6584 3 2
6585 2 3
6587 2 3
6588 3 2
6589 2 2
6590 2 2
6592 2 2
6594 3 3
6597 2 2
6598 4 3
6599 2 2
6600 2 2
6601 3 3
6602 3 2
6604 2 2
6605 3 3
6607 2 3
6608 2 2
6610 2 2
6611 3 4
6612 3 3
6615 1 3
6617 1 2
6618 2 2
6619 2 2
6624 2 3
6626 2 3
6627 2 2
6628 2 3
6631 2 2
6633 1 3
6634 2 2
6636 2 3
6637 1 2
6638 2 3
6639 2 2
6641 2 3
6642 3 3
6643 2 3
6645 2 2
6646 2 2
6647 2 4
6648 2 3
6649 2 2
6651 2 2
6652 1 2
6654 2 3
6656 2 2
6657 1 4
6658 2 2
6659 1 2
6660 3 3
6661 2 2
6662 2 2
6663 2 2
6664 2 2
6665 2 2
6667 2 2
6668 2 2
6670 1 3
6671 2 2
6672 2 2
6673 2 2
6674 1 2
6675 1 2
6677 2 2
6678 2 2
6683 2 3
6684 1 3
6688 2 2
6689 2 3
6692 2 2
6693 2 3
6694 2 3
6695 3 4
6697 2 3
6698 2 3
6701 2 3
6703 3 4
6705 3 3
6706 3 3
6707 2 3
6708 3 4
6714 2 3
6715 1 4
6716 2 3
6717 2 2
6718 3 4
6721 3 3
6723 2 3
6724 2 2
6726 3 3
6728 3 3
6729 2 3
6730 3 4
6731 3 3
6733 3 3
6735 2 3
6736 3 3
6738 4 3
6739 2 3
6740 3 3
6741 3 4
6744 3 4
6745 2 3
6746 3 3
6747 3 3
6748 2 3
6749 2 3
6750 2 3
6751 3 3
6754 1 2
6755 3 3
6756 3 3
6757 2 4
6759 3 3
6760 2 4
6762 3 3
6763 3 3
6764 3 4
6767 3 3
6768 3 4
6770 3 3
6771 3 4
6772 3 4
6773 3 3
6774 2 2
6775 2 3
6776 4 4
6779 2 2
6781 3 3
6785 2 3
6787 3 4
6790 2 4
6791 3 3
6792 3 3
6793 2 3
6796 3 3
6797 3 3
6798 3 4
6799 3 3
6800 1 2
6802 3 3
6803 2 3
6806 3 3
6807 3 3
6808 4 4
6809 3 3
6810 2 2
6812 3 3
6813 3 3
6814 4 4
6815 3 3
6816 4 3
6817 3 3
6820 4 4
6821 3 3
6822 3 3
6823 4 4
6824 3 3
6825 1 3
6827 1 2
6828 4 4
6829 4 4
6830 4 4
6832 3 2
6833 4 4
6834 3 3
6835 3 3
6836 3 3
6837 3 3
6838 3 3
6840 2 3
6841 3 3
6842 3 3
6843 3 4
6845 3 3
6846 3 3
6847 3 4
6848 2 4
6849 3 3
6850 4 4
6851 3 3
6852 3 3
6853 3 3
6854 3 3
6855 3 3
6856 2 2
6857 1 2
6858 2 4
6859 2 4
6860 3 3
6861 2 4
6862 3 4
6863 3 3
6864 3 3
6865 2 4
6866 4 4
6867 4 4
6868 4 4
6869 3 4
6870 4 4
6871 3 4
6872 3 4
6873 3 4
6874 1 2
6875 3 4
6876 3 4
6877 3 3
6878 4 4
6879 3 4
6880 4 4
6881 3 3
6882 3 3
6883 3 2
6884 2 3
6885 4 4
6886 3 4
6887 3 4
6888 3 4
6889 3 4
6890 3 4
6891 4 4
6892 4 4
6893 4 4
6894 4 4
6895 4 4
6896 3 4
6897 4 4
6898 4 4
6899 1 2
6900 3 4
6901 4 4
6902 3 3
6903 4 4
6904 4 4
6905 4 4
6906 2 4
6907 3 4
6908 3 3
6909 2 3
6910 3 3
6911 4 4
6912 4 4
6913 4 4
6914 4 4
6915 4 4
6916 4 4
6917 4 4
6918 4 4
6919 3 4
6920 2 3
6921 4 4
6922 4 4
6923 4 4
6924 4 4
6925 4 4
6926 4 4
6927 3 3
6928 4 4
6929 4 4
6930 4 4
6931 4 3
6932 1 2
6933 2 3
6934 4 4
6935 4 4
6936 4 4
6937 4 4
6938 4 3
6939 4 4
6940 4 4
6941 4 4
6942 3 3
6943 4 4
6944 4 4
6945 4 4
6946 4 4
6947 4 4
6948 1 2
6949 1 2
6950 3 4
6951 4 4
6952 3 3
6953 4 4
6954 4 4
6955 3 3
6956 1 2
6957 3 3
6958 4 4
6959 3 4
6960 1 2
6961 4 4
6962 4 4
6963 3 3
6964 3 4
6965 3 4
6966 4 4
6967 1 2
6968 4 4
6969 4 4
6970 3 2
6971 2 2
6972 3 2
6973 3 3
6974 2 2
6975 3 2
6976 3 3
6977 1 1
6978 3 3
6980 4 4
6981 3 3
6982 3 3
6983 4 4
6984 4 4
6985 4 4
6986 4 4
6987 3 4
6988 1 1
6990 4 4
6991 3 4
6992 4 4
6994 4 4
6995 3 3
6996 3 4
6999 4 4
7000 2 3
7001 2 3
7003 3 3
7004 4 4
7005 4 4
7006 3 4
7007 3 3
7008 4 4
7009 4 3
7010 4 4
7011 1 2
7012 4 4
7013 4 3
7014 4 4
7015 4 4
7016 4 4
7018 4 4
7019 4 4
7020 3 3
7021 3 3
7022 4 4
7024 3 3
7025 3 3
7026 4 4
7027 2 3
7029 4 4
7032 4 4
7034 3 3
7035 3 3
7036 4 4
7038 4 3
7039 3 3
7040 4 4
7042 3 3
7043 4 4
7044 4 4
7045 3 3
7046 4 4
7047 4 4
7048 2 2
7049 4 4
7050 1 1
7052 2 2
7053 3 3
7054 4 4
7056 3 3
7057 4 3
7060 3 3
7061 2 2
7063 3 3
7064 3 3
7066 3 3
7067 1 2
7068 3 3
7069 4 4
7070 3 3
7071 3 4
7072 3 3
7074 2 2
7075 3 3
7077 2 2
7078 2 3
7079 4 4
7080 3 4
7081 1 2
7082 4 4
7084 3 3
7085 3 3
7086 2 3
7087 3 3
7089 2 2
7091 3 4
7092 4 4
7095 3 3
7096 1 2
7097 1 1
7099 2 2
7102 2 3
7103 2 3
7104 4 4
7106 3 3
7109 3 3
7111 2 2
7113 3 3
7114 1 1
7115 2 3
7118 2 2
7120 3 3
7121 2 2
7124 2 2
7127 2 2
7128 3 3
7129 4 4
7130 4 4
7131 3 3
7132 1 2
7135 2 3
7137 4 4
7138 3 3
7139 1 2
7140 3 4
7142 1 1
7143 3 3
7144 4 4
7145 3 3
7146 1 1
7147 1 2
7148 4 4
7149 3 3
7150 4 4
7151 2 2
7152 1 1
7153 3 3
7154 4 4
7156 3 3
7157 1 2
7158 1 2
7159 2 2
7160 3 3
7161 1 1
7163 3 3
7164 1 2
7165 3 3
7167 3 3
7168 3 3
7170 3 3
7171 4 3
7172 1 1
7175 4 4
7177 1 1
7178 3 3
7179 4 4
7181 4 4
7182 4 3
7184 3 2
7185 1 2
7187 1 2
7188 3 3
7190 3 3
7191 4 4
7192 3 3
7194 4 3
7195 1 1
7197 4 4
7199 3 3
7200 4 4
7202 3 2
7203 3 3
7206 3 3
7210 1 2
7211 4 3
7212 4 3
7213 3 3
7214 3 3
7215 3 3
7216 4 3
7218 4 3
7220 3 3
7221 1 1
7222 4 3
7224 1 1
7225 3 3
7229 4 4
7230 2 2
7231 3 3
7234 2 2
7235 4 3
7236 2 2
7237 4 3
7238 3 3
7239 3 2
7240 2 2
7241 2 2
7243 2 2
7244 3 3
7245 2 2
7246 2 2
7248 3 3
7250 3 2
7251 1 1
7255 3 3
7256 3 2
7257 3 2
7259 2 2
7260 3 2
7263 2 2
7266 1 1
7268 2 2
7269 3 3
7270 2 2
7271 2 2
7274 2 2
7277 2 2
7278 1 1
7279 1 1
7284 2 1
7285 2 2
7287 3 2
7289 2 2
7292 2 2
7293 2 2
7297 2 2
7299 2 2
7300 2 2
7311 2 2
7312 3 3
7317 2 2
7319 4 3
7321 2 2
7323 3 3
7326 4 3
7332 3 3
7336 4 3
7338 4 3
7341 1 1
7342 1 1
7345 4 3
7346 2 2
7348 3 3
7349 2 2
7351 3 3
7352 3 3
7353 3 2
7355 3 3
7356 1 1
7358 3 3
7359 4 3
7361 4 3
7362 4 3
7368 4 2
7369 3 3
7371 2 2
7374 2 2
7376 4 3
7377 4 3
7391 3 3
7397 3 2
7400 3 3
7403 3 2
7405 3 3
7406 1 1
7408 3 3
7412 4 3
7415 3 3
7418 3 2
7420 4 3
7421 2 2
7424 2 2
7431 1 1
7432 3 3
7433 4 3
7436 4 3
7439 4 3
7442 3 2
7445 4 3
7448 4 4
7450 2 2
7453 2 2
7457 3 3
7459 3 3
7461 3 2
7463 3 2
7464 3 2
7466 4 4
7467 4 3
7468 3 2
7471 4 3
7474 3 2
7477 4 3
7479 2 2
7483 4 3
7484 4 3
7488 4 4
7489 4 3
7492 3 3
7498 4 4
7499 4 4
7501 4 4
7502 4 4
7504 3 3
7505 4 3
7507 3 3
7508 3 3
7511 2 3
7512 3 3
7513 2 2
7515 3 3
7516 3 2
7519 3 3
7522 3 3
7523 3 3
7524 2 2
7526 2 2
7530 2 2
7531 2 2
7533 2 2
7535 4 3
7536 4 3
7541 1 1
7542 2 3
7546 1 1
7547 2 2
7550 3 3
7551 2 3
7554 2 2
7556 2 2
7557 3 3
7564 2 2
7565 2 2
7567 3 3
7569 2 3
7578 3 3
7579 2 2
7582 3 3
7583 2 3
7588 2 2
7590 2 3
7593 4 3
7596 2 2
7600 1 2
7602 2 2
7608 3 3
7610 4 3
7612 4 3
7614 3 3
7616 3 2
7618 4 3
7620 2 2
7626 2 2
7629 3 3
7636 3 3
7638 3 3
7647 3 3
7648 3 3
7652 3 3
7653 3 3
7655 2 2
7657 3 2
7658 2 2
7659 3 3
7665 2 2
7674 3 2
7680 1 2
7687 2 3
7688 1 1
7690 2 2
7693 3 3
7698 2 3
7699 2 3
7702 2 3
7706 1 2
7707 3 3
7714 2 2
7722 3 3
7725 2 2
7726 2 2
7732 2 2
7733 2 2
7735 2 3
7738 2 2
7739 1 2
7741 1 1
7745 2 3
7748 2 2
7749 2 2
7751 2 2
7754 2 2
7758 2 2
7761 2 2
7762 1 2
7765 2 2
7769 3 3
7771 3 4
7773 2 3
7775 2 2
7776 3 3
7777 3 3
7779 2 2
7781 2 2
7782 2 2
7783 2 3
7784 2 3
7787 2 2
7788 2 3
7789 2 2
7792 2 2
7794 2 3
7798 2 3
7800 2 2
7802 3 4
7803 1 1
7804 2 2
7806 1 1
7807 3 3
7808 1 2
7809 3 4
7812 3 3
7813 2 2
7814 2 2
7815 3 3
7822 3 3
7823 3 3
7824 1 2
7825 4 4
7826 3 3
7827 3 4
7829 3 4
7830 3 3
7831 3 2
7832 3 4
7833 3 3
7835 3 4
7836 4 4
7837 3 3
7838 3 3
7839 2 3
7840 2 3
7841 3 3
7842 3 4
7845 3 3
7853 2 3
7854 3 3
7855 2 2
7856 1 1
7857 3 3
7858 1 1
7859 4 4
7860 3 3
7861 3 4
7863 3 4
7864 3 3
7865 3 3
7866 3 3
7867 4 4
7868 3 4
7869 2 2
7878 4 4
7879 3 4
7880 4 4
7883 3 4
7884 4 4
7886 4 4
7887 1 2
7888 3 4
7889 4 4
7890 3 3
7891 3 4
7892 4 4
7896 3 3
7897 3 3
7898 3 2
7901 4 4
7906 3 3
7907 4 4
7909 3 3
7910 4 4
7912 3 3
7913 4 4
7914 4 4
7916 4 4
7917 4 4
7919 3 3
7920 2 2
7921 4 4
7922 3 3
7923 3 4
7924 3 3
7925 3 4
7927 4 4
7928 4 3
7929 3 3
7934 3 4
7939 4 4
7940 3 4
7941 3 3
7944 2 1
7945 3 3
7946 3 2
7949 3 3
7951 4 4
7953 4 4
7954 2 3
7956 4 4
7958 4 4
7960 2 2
7963 4 4
7964 3 2
7969 4 4
7972 4 4
7974 4 4
7975 2 2
7979 4 4
7980 4 4
7981 4 4
7984 4 4
7987 4 4
7988 4 4
7992 4 4
7996 4 4
7998 4 4
7999 4 4
8000 4 4
8004 3 3
8007 4 3
8008 3 3
8015 3 2
8016 3 2
8017 2 1
8018 2 1
8019 1 1
8022 3 3
8023 4 4
8024 3 3
8025 2 2
8026 4 3
8027 3 3
8029 3 3
8030 4 4
8031 4 4
8032 4 4
8033 4 4
8034 2 2
8036 2 3
8037 1 1
8038 2 2
8039 4 4
8040 4 4
8041 2 2
8042 1 1
8043 3 3
8044 4 4
8045 4 4
8046 4 4
8047 4 4
8048 4 4
8049 2 1
8050 2 1
8052 2 1
8053 2 1
8054 1 1
8055 3 3
8057 3 3
8058 2 2
8060 4 4
8061 4 4
8062 4 4
8063 3 3
8064 3 3
8065 2 2
8067 4 4
8068 4 4
8069 3 4
8070 4 4
8071 4 4
8072 4 4
8074 2 3
8075 4 4
8076 4 4
8077 2 2
8078 4 4
8079 4 4
8081 1 1
8082 2 3
8083 3 3
8084 3 3
8085 4 4
8086 3 3
8087 4 4
8089 4 4
8090 1 1
8091 3 3
8092 4 4
8093 3 3
8094 4 4
8095 4 4
8097 2 2
8098 4 4
8099 4 4
8100 4 4
8101 2 2
8102 4 4
8103 3 3
8105 4 3
8106 3 3
8107 4 4
8108 3 3
8109 2 2
8110 2 2
8111 3 2
8113 4 3
8115 3 3
8116 4 4
8117 4 3
8119 1 2
8120 2 3
8121 4 4
8123 4 4
8124 3 3
8125 4 4
8126 1 2
8127 1 2
8128 3 3
8131 4 3
8132 4 4
8134 4 4
8135 4 4
8136 4 4
8137 4 4
8139 4 3
8140 4 3
8141 1 2
8142 1 2
8143 4 4
8144 3 3
8145 4 3
8146 4 4
8147 4 4
8148 4 4
8149 1 2
8150 3 3
8151 3 3
8152 3 3
8153 1 1
8156 3 3
8158 4 3
8159 1 2
8160 4 4
8161 1 1
8162 1 2
8163 2 3
8165 2 2
8166 1 1
8167 1 1
8168 1 1
8169 1 1
8170 2 1
8171 1 1
8172 1 1
8173 1 1
8174 1 1
8175 3 3
8176 2 2
8177 1 1
8180 1 1
8182 4 3
8183 2 2
8184 3 3
8185 1 1
8186 2 2
8187 1 2
8189 2 3
8190 1 2
8191 4 4
8192 3 3
8193 4 4
8196 3 3
8197 4 4
8198 4 4
8199 3 3
8200 1 1
8203 1 1
8204 3 3
8206 3 3
8207 1 2
8208 3 3
8209 3 3
8210 3 3
8211 3 3
8213 1 2
8214 4 4
8215 4 3
8216 3 3
8217 2 3
8218 1 2
8221 4 4
8222 1 2
8223 4 4
8224 4 4
8225 3 3
8227 4 4
8228 4 4
8231 4 4
8233 4 4
8234 4 4
8235 4 4
8236 4 4
8237 4 4
8238 4 4
8240 4 4
8241 3 3
8242 1 1
8243 4 4
8244 4 4
8245 3 3
8246 3 3
8247 4 4
8248 4 4
8249 4 3
8250 3 3
8251 2 2
8252 2 2
8254 3 4
8255 2 1
8257 1 1
8258 1 1
8259 1 1
8261 1 1
8262 1 1
8263 3 3
8264 4 4
8265 3 3
8266 2 2
8268 3 4
8269 4 4
8270 4 4
8271 4 3
8272 3 3
8276 4 4
8277 4 4
8278 2 3
8279 1 2
8280 3 3
8281 4 4
8282 3 4
8283 2 3
8284 4 3
8285 4 4
8287 3 3
8289 4 4
8290 4 4
8291 3 3
8292 3 3
8293 3 3
8294 3 3
8295 1 1
8296 2 3
8298 3 3
8299 1 2
8300 3 3
8303 2 3
8304 3 3
8305 3 3
8307 3 3
8310 2 3
8312 2 3
8317 3 3
8319 2 3
8320 2 3
8321 2 3
8322 3 3
8325 2 3
8327 2 3
8328 3 3
8329 4 4
8332 2 3
8333 2 2
8334 2 3
8335 3 3
8336 4 4
8339 2 2
8341 3 3
8343 4 4
8348 2 2
8349 2 2
8351 2 2
8356 2 3
8357 3 3
8359 3 3
8361 2 2
8366 2 2
8367 2 2
8368 2 2
8370 3 3
8372 2 2
8373 2 3
8375 2 2
8376 2 3
8379 1 2
8381 2 3
8383 2 3
8387 2 2
8388 3 3
8390 2 2
8391 1 2
8395 2 2
8397 1 2
8401 1 2
8402 2 2
8403 2 2
8405 2 2
8407 2 2
8409 2 2
8411 2 2
8412 2 2
8418 2 2
8419 3 2
8420 2 2
8421 1 2
8422 2 2
8423 2 2
8424 2 2
8425 1 1
8426 1 1
8427 1 1
8430 1 1
8432 1 1
8433 1 1
8434 1 1
8435 1 1
8439 1 1
8440 1 1
8441 1 1
8442 1 1
8443 1 1
8446 1 1
8448 1 1
8449 1 1
8450 1 1
8452 1 1
8454 1 1
8458 1 2
8459 2 2
8462 1 2
8463 1 2
8464 2 2
8467 1 2
8469 2 2
8472 1 1
8474 1 1
8478 2 2
8480 2 3
8481 2 2
8483 2 2
8484 1 1
8485 1 1
8486 2 2
8487 2 3
8489 1 1
8491 1 1
8492 1 1
8493 1 2
8495 1 1
8496 1 2
8499 1 1
8501 2 2
8502 1 1
8505 2 2
8507 2 3
8509 1 1
8511 3 3
8514 2 2
8515 2 3
8516 1 1
8517 2 2
8519 3 3
8522 2 2
8523 1 1
8525 3 3
8530 1 2
8531 2 2
8532 3 3
8534 2 2
8536 2 3
8537 1 2
8538 2 2
8539 2 3
8540 2 2
8544 2 3
8546 2 2
8549 1 1
8551 2 2
8552 1 2
8553 2 3
8557 2 3
8558 2 2
8559 2 2
8560 2 2
8562 1 1
8563 1 1
8567 2 2
8568 2 2
8569 1 2
8572 1 1
8575 1 1
8579 1 1
8582 3 2
8584 1 1
8585 2 3
8586 1 1
8588 2 2
8591 2 2
8592 4 4
8594 2 2
8596 2 3
8599 3 4
8602 2 2
8606 4 4
8607 2 2
8615 2 2
8618 4 4
8620 2 3
8622 2 2
8623 2 2
8625 4 4
8626 2 3
8627 4 3
8631 2 3
8632 4 4
8634 2 3
8637 2 2
8639 3 4
8640 2 2
8641 2 2
8643 2 3
8645 2 3
8646 3 4
8647 3 3
8650 3 3
8653 4 4
8655 2 2
8657 2 2
8658 2 3
8659 4 4
8660 2 2
8666 4 4
8667 2 2
8669 2 3
8671 2 3
8672 2 2
8673 4 4
8674 2 2
8676 2 2
8678 2 2
8680 4 4
8683 2 1
8687 4 3
8689 3 2
8691 3 3
8693 2 2
8694 4 2
8695 2 2
8697 2 2
8698 3 3
8700 2 3
8701 4 4
8704 2 2
8705 3 4
8706 4 3
8711 3 4
8712 4 3
8713 4 3
8714 3 3
8715 3 3
8717 3 3
8718 3 3
8719 3 3
8720 4 3
8722 2 3
8725 2 3
8726 3 4
8727 4 3
8729 2 2
8731 2 3
8732 3 4
8734 4 3
8739 3 4
8740 3 3
8741 3 2
8742 4 3
8745 3 2
8746 2 2
8747 4 2
8748 4 3
8750 2 3
8754 3 2
8756 4 4
8757 3 4
8758 3 3
8761 4 4
8762 2 3
8764 3 3
8768 4 2
8775 4 3
8778 3 3
8780 4 4
8782 4 4
8783 4 4
8784 4 4
8785 3 4
8786 4 4
8787 4 4
8788 4 4
8791 4 4
8792 3 4
8793 4 4
8794 3 3
8795 3 4
8796 4 3
8797 4 4
8798 4 4
8799 4 4
8800 4 4
8802 4 4
8803 4 3
8804 3 4
8805 3 4
8806 3 4
8807 4 4
8808 1 2
8810 4 4
8811 4 4
8812 4 4
8814 4 4
8815 4 4
8816 4 4
8817 3 3
8818 4 4
8819 3 4
8820 4 4
8822 3 4
8823 4 4
8826 3 3
8827 4 4
8828 3 3
8829 4 4
8830 4 4
8831 3 3
8833 2 2
8834 3 3
8835 3 3
8836 4 4
8837 2 3
8839 2 2
8841 3 3
8842 3 2
8843 3 3
8844 4 4
8845 1 2
8846 3 3
8848 4 3
8849 2 2
8850 2 3
8851 3 3
8853 3 2
8855 4 3
8856 4 3
8857 3 3
8859 3 3
8860 3 3
8861 3 3
8862 3 4
8863 4 3
8864 2 2
8865 3 4
8866 3 3
8867 3 3
8869 4 4
8870 3 2
8872 4 4
8874 3 3
8875 3 3
8876 3 3
8877 3 3
8879 2 4
8880 3 3
8881 3 3
8882 4 3
8883 3 3
8885 3 3
8886 1 1
8887 4 4
8888 3 3
8889 4 4
8890 4 4
8891 4 4
8893 4 4
8894 4 4
8895 2 2
8896 2 3
8897 3 4
8898 4 4
8899 4 4
8902 4 3
8904 4 4
8905 3 2
8906 4 4
8907 4 4
8908 2 3
8909 4 4
8910 4 3
8911 4 4
8913 4 4
8914 3 3
8915 4 4
8917 4 4
8918 4 4
8919 1 1
8920 4 4
8921 4 4
8922 4 3
8923 3 3
8926 4 4
8927 2 1
8928 1 1
8929 1 1
8930 1 1
8932 1 1
8933 2 1
8934 3 2
8935 3 3
8936 3 3
8937 2 2
8938 4 4
8940 1 1
8941 4 4
8943 4 4
8944 3 2
8945 4 3
8946 4 4
8949 4 4
8950 4 4
8951 4 4
8952 4 4
8953 4 4
8955 4 4
8956 2 2
8957 3 4
8958 4 4
8959 4 4
8960 4 4
8961 4 4
8962 4 4
8963 4 4
8965 4 4
8967 4 4
8968 4 4
8969 4 4
8970 4 4
8971 4 4
8973 4 4
8975 3 3
8978 4 4
8979 4 4
8980 4 3
8981 2 2
8982 4 4
8983 3 3
8984 3 4
8985 4 4
8986 3 3
8987 3 3
8989 4 4
8990 2 1
8991 3 3
8992 2 2
8993 1 1
8995 2 2
8996 2 3
8997 2 2
8998 1 1
8999 1 1
9123 3 3
9124 1 1
9126 4 4
9127 4 3
9128 4 3
9129 4 4
9130 4 3
9132 3 2
9133 2 1
9134 3 2
9136 3 3
9137 4 3
9139 4 3
9140 3 3
9142 3 3
9145 4 3
9146 4 4
9148 3 3
9150 4 4
9151 4 4
9153 4 4
9155 3 3
9156 4 3
9157 4 4
9158 4 4
9159 4 4
9160 4 4
9161 4 4
9162 4 3
9163 4 4
9164 4 4
9165 4 4
9169 3 3
9171 4 3
9173 1 1
9175 1 1
9177 1 1
9178 1 1
9179 3 2
9180 2 2
9181 4 3
9182 2 2
9183 2 3
9184 2 2
9185 4 3
9186 4 4
9188 3 3
9190 1 1
9191 1 1
9193 1 1
9195 1 1
9196 1 1
9197 1 1
9199 1 1
9200 1 1
9202 1 1
9203 1 1
9204 2 2
9205 2 2
9206 1 1
9208 1 1
9209 1 1
9210 1 1
9212 1 1
9213 2 2
9214 2 2
9217 2 2
9218 2 2
9220 3 3
9221 1 1
9222 1 1
9224 1 1
9225 1 1
9228 1 1
9230 1 1
9231 1 1
9233 1 1
9234 1 1
9235 1 1
9236 1 1
9237 1 1
9238 1 1
9242 2 2
9244 2 2
9245 3 3
9246 3 3
9247 2 2
9248 1 1
9249 1 1
9251 1 1
9252 1 1
9253 1 1
9254 1 1
9258 1 1
9260 1 1
9261 1 1
9262 1 1
9263 2 2
9264 1 1
9265 1 2
9266 3 3
9267 2 2
9268 3 2
9269 3 3
9270 3 3
9272 1 1
9273 4 3
9275 3 3
9276 3 2
9277 2 2
9278 2 2
9280 3 3
9281 4 3
9282 3 3
9284 1 1
9286 2 2
9287 2 2
9289 1 1
9290 1 1
9292 1 2
9293 3 3
9294 3 3
9295 3 3
9297 3 2
9298 2 2
9299 2 2
9302 3 3
9303 2 2
9304 2 2
9305 3 2
9306 2 2
9308 4 1
9309 3 3
9310 2 2
9311 2 2
9312 2 1
9317 1 1
9318 1 1
9320 1 1
9321 1 1
9323 2 2
9324 2 2
9325 2 2
9326 2 1
9327 1 2
9328 2 2
9329 2 2
9330 3 2
9331 3 2
9333 2 2
9334 2 2
9335 3 2
9336 2 2
9338 2 2
9341 3 2
9343 1 2
9345 2 2
9346 3 1
9347 2 2
9348 3 3
9349 2 2
9350 2 2
9351 2 2
9353 2 2
9354 2 2
9355 2 2
9356 2 2
9357 2 2
9358 2 2
9359 2 2
9362 3 2
9364 2 2
9366 2 2
9370 2 2
9372 2 2
9373 2 2
9374 2 2
9375 2 2
9376 1 1
9380 1 2
9381 1 1
9382 2 2
9383 2 2
9387 2 2
9388 1 1
9389 1 1
9390 1 1
9391 1 1
9393 2 2
9395 2 2
9396 2 2
9399 2 2
9400 2 2
9402 2 2
9403 2 2
9407 3 2
9409 2 2
9410 2 2
9411 2 2
9412 2 2
9413 2 2
9414 2 2
9415 2 2
9416 1 1
9417 2 2
9419 2 2
9420 2 2
9421 2 2
9422 3 2
9423 1 1
9424 1 2
9425 2 2
9426 2 2
9428 2 2
9429 2 2
9431 2 2
9432 2 2
9433 1 1
9434 1 1
9435 1 2
9438 1 2
9439 2 2
9440 1 2
9441 1 2
9442 1 2
9443 2 2
9445 2 2
9446 2 2
9447 2 2
9448 1 2
9449 2 2
9450 2 2
9451 2 2
9452 2 2
9453 2 2
9455 2 2
9456 2 2
9457 2 2
9458 2 2
9460 2 2
9462 2 2
9466 2 3
9468 2 2
9469 1 1
9471 2 2
9476 2 2
9477 1 1
9478 1 1
9479 1 1
9480 1 1
9483 1 1
9484 1 1
9485 1 1
9486 1 1
9489 1 1
9490 1 1
9491 1 1
9492 1 1
9495 1 1
9496 1 1
9498 1 1
9499 1 1
9503 1 1
9505 1 1
9506 1 1
9507 1 1
9508 1 1
9509 1 1
9510 1 1
9513 1 1
9515 1 1
9518 2 2
9520 2 1
9521 2 2
9522 1 1
9524 2 2
9525 1 1
9527 2 2
9528 2 3
9529 2 2
9530 2 2
9531 2 2
9534 2 2
9536 2 2
9538 3 2
9539 2 2
9540 2 1
9542 2 2
9543 1 1
9545 2 2
9546 2 2
9547 2 2
9548 2 2
9550 2 2
9551 2 2
9552 2 2
9553 3 2
9554 2 2
9555 2 2
9556 3 3
9558 2 2
9559 4 3
9561 2 2
9563 3 3
9564 2 2
9565 2 2
9566 3 3
9567 3 3
9568 3 2
9569 2 2
9570 3 3
9571 2 2
9572 3 3
9573 2 1
9575 2 1
9576 2 2
9578 1 1
9579 3 3
9580 3 3
9581 3 3
9582 2 2
9583 4 4
9584 3 3
9585 2 2
9586 3 2
9587 2 2
9588 3 3
9589 2 2
9590 2 2
9591 2 2
9593 3 2
9595 2 3
9596 3 2
9597 2 2
9599 2 2
9600 1 1
9601 1 2
9602 1 1
9603 1 1
9604 1 1
9605 1 1
9606 1 1
9607 1 1
9608 2 1
9609 2 2
9610 2 1
9611 2 3
9613 2 2
9614 4 3
9615 2 2
9616 3 4
9617 2 2
9618 3 3
9619 3 3
9620 4 4
9621 4 3
9622 3 3
9624 4 3
9625 2 2
9627 3 3
9628 2 3
9629 4 4
9631 4 3
9633 3 3
9636 4 3
9638 2 2
9639 4 4
9640 4 4
9641 4 4
9643 2 2
9645 4 3
9647 4 4
9648 4 4
9650 2 2
9652 3 3
9653 2 2
9654 2 1
9655 1 1
9656 2 3
9657 2 2
9658 1 1
9659 1 2
9660 4 4
9661 2 2
9662 2 2
9663 2 3
9664 2 2
9665 2 1
9666 4 4
9667 3 4
9668 4 4
9669 2 3
9670 4 4
9671 4 4
9672 4 4
9673 1 1
9674 4 4
9675 3 4
9676 3 4
9677 3 4
9679 3 3
9680 2 3
9681 4 4
9682 4 4
9683 2 1
9684 4 4
9685 2 2
9686 4 4
9687 3 2
9688 3 4
9689 3 4
9690 4 4
9691 3 3
9692 2 2
9693 3 3
9694 1 1
9695 3 3
9696 4 4
9697 3 2
9698 2 2
9700 2 4
9701 1 1
9703 1 1
9704 1 1
9705 1 2
9706 1 1
9707 1 1
9708 2 1
9709 2 2
9710 2 3
9711 1 1
9712 1 1
9713 1 1
9732 2 2
9733 2 2
9735 4 4
9737 4 4
9738 3 4
9739 4 4
9740 4 3
9742 4 4
9743 3 4
9744 3 3
9745 2 2
9746 3 3
9749 4 4
9794 3 4
9798 3 2
9799 3 3
9800 2 2
9801 4 4
9802 2 2
9803 2 2
9804 2 3
9805 2 2
9806 1 1
9807 1 1
9808 3 2
9810 2 2
9812 2 3
9813 4 3
9814 4 4
9815 3 2
9816 1 1
9817 1 1
9818 1 1
9819 2 4
9820 1 1
9821 1 1
9822 2 1
9823 4 3
9824 4 4
9825 4 4
9826 3 3
9828 3 2
9830 3 3
9831 4 4
9832 3 3
9834 3 3
9836 4 4
9837 3 3
9838 3 3
9839 4 4
9840 3 3
9841 4 4
9842 4 4
9843 3 3
9845 3 3
9846 3 3
9847 3 4
9848 4 4
9849 2 2
9850 4 3
9851 3 4
9852 2 2
9853 1 1
9854 1 1
9855 1 1
9856 1 1
9857 1 1
9877 1 1
9878 1 1
9879 1 1
9880 1 1
9881 1 1
9882 1 1
9883 1 1
9884 1 1
9885 1 1
9886 1 1
9887 1 1
9888 1 1
9890 1 1
9891 1 1
9892 1 1
9895 2 2
9896 1 1
9898 1 1
9899 1 1
9900 1 1
9901 1 1
9902 1 1
9903 1 1
9904 1 1
9906 1 1
9907 2 1
9908 3 2
9909 4 4
9910 4 3
9911 2 2
9912 3 3
9913 4 4
9914 3 3
9915 4 3
9916 3 3
9917 4 4
9919 3 3
9920 4 4
9921 4 4
9922 4 4
9923 4 4
9924 4 4
9925 3 4
9927 4 4
9928 4 3
9929 4 4
9930 4 4
9931 3 3
9932 3 3
9933 4 4
9934 3 3
9935 3 2
9986 3 4
9987 3 4
9988 3 4
9989 4 4
9990 4 4
9994 4 4
9995 4 4
9996 4 4
9997 4 4
10000 1 1
10002 1 1
10003 1 2
10004 1 2
10006 1 1
10007 1 1
10012 2 3
10013 2 4
10017 4 4
10018 4 4
10019 4 4
10020 4 4
10021 4 4
10024 4 4
10025 4 4
10028 4 4
10030 4 4
10035 4 3
10036 2 1
10037 2 1
10038 2 1
10040 1 2
10041 1 1
10043 4 4
10045 4 4
10046 4 3
10049 4 3
10050 4 4
10052 4 4
10053 4 3
10054 4 4
10055 4 3
10056 4 4
10057 4 4
10059 4 4
10060 4 4
10061 4 4
10063 4 3
10064 4 4
10065 4 4
10066 4 4
10067 4 4
10068 4 4
10069 4 3
10071 4 3
10072 4 4
10073 3 2
10074 3 2
10075 4 4
10076 3 1
10077 3 2
10078 2 1
10081 1 1
10082 1 1
10086 1 1
10087 1 1
10088 1 1
10089 1 1
10090 1 1
10091 2 1
10092 1 1
10093 1 1
10094 2 3
10095 1 1
10096 2 1
10097 1 1
10098 2 1
10099 3 4
10102 2 4
10104 3 4
10105 3 2
10106 3 2
10107 3 1
10109 3 4
10110 4 4
10112 3 2
10113 3 2
10115 4 4
10116 4 4
10117 4 3
10118 3 3
10119 3 2
10120 2 2
10121 3 2
10122 4 4
10123 4 3
10124 4 4
10125 4 4
10127 3 3
10128 3 3
10129 4 3
10131 4 4
10132 4 4
10133 4 4
10134 4 4
10135 3 3
10136 3 3
10137 4 3
10138 4 4
10140 3 3
10141 3 4
10144 3 3
10145 4 4
10147 4 4
10157 2 2
10158 2 2
10161 1 1
10163 2 2
10165 2 2
10166 2 1
10167 2 2
10168 2 2
10169 2 1
10172 3 3
10173 3 3
10175 3 3
10179 3 3
10180 4 4
10181 4 3
10183 3 3
10186 3 3
10187 4 4
10188 3 3
10189 2 3
10194 4 4
10195 3 3
10196 3 3
10198 4 4
10201 3 3
10202 3 3
10204 3 3
10208 1 1
10209 1 1
10210 1 1
10211 1 1
10212 1 1
10213 1 1
10216 1 1
10217 1 1
10218 2 1
10223 2 2
10224 2 2
10225 3 2
10227 3 3
10233 4 4
10234 4 4
10235 4 4
10236 3 3
10240 4 4
10244 3 3
10245 4 4
10246 4 4
10249 3 3
10252 4 3
10254 4 4
10255 4 4
10259 4 4
10260 4 4
10261 4 3
10262 3 3
10268 2 2
10270 1 1
10273 1 1
10277 1 1
10278 1 1
10280 1 1
10281 1 1
10282 1 1
10283 1 1
10285 1 1
10288 1 1
10289 1 1
10290 1 1
10293 1 1
10294 1 1
10295 1 1
10296 1 1
10298 1 1
10300 1 1
10301 1 1
10302 1 1
10304 1 1
10310 1 1
10311 1 1
10314 1 1
10317 1 1
10318 1 1
10320 1 1
10321 3 2
10323 2 2
10324 2 2
10328 4 3
10330 3 3
10332 2 2
10333 3 3
10334 3 3
10337 3 3
10339 3 3
10341 4 3
10343 3 3
10345 3 3
10350 3 3
10353 4 4
10354 4 3
10357 3 3
10359 3 3
10360 3 3
10362 4 3
10364 3 3
10369 3 3
10371 3 3
10374 4 4
10376 3 3
10379 4 4
10382 3 3
10384 3 2
10385 2 2
10386 3 3
10389 3 2
10390 2 2
10393 1 1
10395 1 1
10396 1 1
10400 1 1
10404 1 1
10405 1 1
10406 1 1
10407 1 1
10408 1 1
10413 2 2
10414 3 2
10416 3 3
10417 2 2
10418 2 2
10425 1 1
10427 1 1
10428 1 1
10431 1 1
10432 1 1
10433 1 1
10434 1 1
10438 1 1
10441 1 1
10459 1 1
10460 1 1
10463 1 1
10465 1 1
10466 1 1
10467 2 2
10487 2 2
10488 1 2
10490 3 3
10491 2 1
10492 2 3
10495 2 2
10515 1 1
10519 1 1
10520 1 1
10533 1 1
10534 1 1
10537 1 1
10538 1 1
10540 1 1
10541 1 2
10557 3 3
10558 3 3
10559 2 3
10561 2 3
10562 2 2
10568 2 3
10575 2 3
10580 2 2
10582 2 2
10586 1 1
10589 2 2
10603 2 2
10604 2 3
10607 1 2
10608 2 3
10610 2 2
10611 2 3
10614 2 2
10615 2 3
10617 3 3
10618 3 3
10621 1 2
10622 2 3
10623 4 4
10626 2 2
10628 2 2
10629 2 3
10630 4 4
10631 3 3
10632 2 2
10633 2 3
10636 3 3
10638 4 3
10639 3 3
10640 3 3
10642 2 2
10643 2 2
10644 4 4
10645 3 3
10646 3 2
10649 3 4
10650 3 3
10652 3 3
10653 3 3
10654 3 3
10656 3 3
10657 2 2
10663 3 3
10664 3 2
10667 2 3
10668 1 2
10671 1 1
10674 1 1
10675 1 1
10677 1 1
10678 1 1
10682 1 1
10684 3 3
10688 2 3
10689 3 4
10691 2 2
10692 3 4
10695 2 3
10696 3 3
10698 3 3
10702 2 3
10704 2 2
10705 1 1
10706 1 1
10708 2 2
10709 3 4
10710 2 2
10711 4 4
10712 1 2
10713 2 2
10714 2 2
10715 2 2
10716 2 3
10717 3 3
10718 3 3
10719 2 3
10720 2 2
10721 2 2
10722 3 3
10724 3 3
10725 2 2
10726 2 2
10727 2 3
10729 2 1
10730 2 2
10731 1 1
10732 1 1
10734 3 3
10736 3 2
10737 4 4
10738 2 3
10739 3 3
10740 2 2
10741 3 3
10742 2 3
10743 3 2
10744 4 4
10745 2 3
10746 3 3
10747 2 2
10749 2 2
10750 3 3
10751 3 3
10753 3 2
10755 2 3
10758 2 3
10759 3 3
10762 3 3
10763 3 4
10765 3 3
10766 3 3
10769 1 1
10770 1 1
10772 1 1
10773 1 1
10776 1 1
10777 1 1
10779 1 1
10780 1 1
10781 1 1
10782 1 1
10783 1 1
10784 2 2
10786 1 1
10787 1 2
10788 2 2
10789 2 2
10790 2 2
10791 2 3
10792 4 4
10793 3 3
10794 2 3
10795 2 3
10797 4 4
10798 3 4
10799 4 4
10800 2 3
10801 3 4
10802 4 4
10803 4 4
10804 3 3
10805 3 4
10807 3 4
10808 4 4
10809 4 4
10811 3 4
10813 4 4
10814 2 2
10816 2 2
10818 4 4
10819 1 1
10821 3 3
10822 2 2
10823 3 3
10824 3 3
10825 4 4
10826 3 3
10828 3 3
10829 2 3
10830 3 3
10832 3 3
10833 1 2
10834 4 4
10836 1 2
10837 2 3
10838 4 4
10839 3 3
10840 3 3
10842 1 1
10843 1 1
10845 1 1
10846 1 1
10847 1 1
10848 1 1
10849 1 1
10850 1 1
10863 1 1
10864 1 1
10865 1 1
10867 1 1
10868 1 1
10869 1 1
10871 1 1
10873 1 1
10874 1 1
10875 1 1
10876 1 1
10878 1 1
10879 1 1
10880 1 1
10881 1 1
10883 1 1
10885 1 1
10886 1 1
10887 1 1
10888 1 1
10891 2 1
10892 1 1
10893 3 2
10894 4 3
10895 2 3
10896 3 3
10898 4 4
10899 3 3
10900 2 2
10901 2 2
10902 1 1
10903 1 1
10904 1 1
10906 1 1
10907 1 1
10910 1 1
10911 1 1
10914 1 1
10915 1 1
10917 1 1
10918 1 1
10920 1 1
10921 1 1
10924 1 1
10925 1 1
10927 1 1
10928 1 1
10931 1 1
10932 1 1
10934 1 1
10935 1 1
10938 1 1
10939 1 1
10940 1 1
10941 1 1
10945 1 1
10948 1 1
10949 1 1
10952 1 1
10953 1 1
10954 2 2
10955 1 1
10956 1 1
10958 4 4
10959 4 4
10960 3 4
10961 4 4
10962 1 1
10964 1 1
10967 4 3
10968 4 4
10969 2 2
10970 4 4
10971 2 3
10973 3 4
10974 3 4
10975 4 4
10976 2 2
10977 4 4
10978 3 4
10980 4 4
10981 2 3
10983 4 4
10984 4 4
10985 1 1
10987 4 4
10988 3 3
10990 2 2
10991 3 3
10992 2 2
10994 2 2
10996 1 1
10997 1 1
10998 1 1
11001 3 3
11003 3 3
11005 3 2
11006 4 4
11007 3 3
11008 2 2
11009 2 2
11010 2 1
11011 1 1
11013 1 1
11015 1 1
11016 1 1
11017 1 1
11018 1 1
11020 1 1
11021 1 1
11022 1 1
11024 2 1
11025 1 1
11026 2 1
11027 3 2
11028 3 3
11029 4 4
11031 4 3
11033 4 4
11035 2 3
11036 1 1
11037 1 1
11038 1 1
11040 1 1
11041 1 1
11042 1 1
11043 1 1
11045 1 1
11046 1 1
11047 1 1
11048 1 1
11049 1 1
11051 1 1
11054 1 1
11055 1 1
11056 1 1
11057 1 1
11058 1 1
11059 1 1
11061 1 1
11062 1 1
11063 1 1
11064 1 1
11065 2 2
11066 3 2
11067 2 2
11068 4 4
11071 2 3
11072 4 4
11073 1 2
11074 3 3
11075 4 4
11076 4 4
11077 4 3
11078 4 3
11081 4 4
11082 4 4
11084 1 2
11087 4 4
11088 2 3
11089 4 4
11090 4 4
11091 4 4
11093 2 3
11094 4 4
11095 1 2
11096 4 4
11097 4 4
11098 4 3
11099 4 4
11101 4 4
11102 4 4
11106 2 2
11107 3 2
11109 1 1
11110 1 1
11111 1 1
11112 1 1
11113 1 1
11114 1 1
11115 1 1
11116 1 1
11117 1 1
11119 1 1
11120 1 1
11121 1 1
11122 1 1
11123 1 1
11124 1 1
11127 1 1
11128 1 1
11129 1 1
11130 1 1
11131 1 1
11132 1 1
11133 1 1
11135 1 1
11136 1 1
11137 1 1
11138 1 1
11139 1 1
11141 1 1
11142 2 1
11143 4 2
11144 3 2
11145 1 1
11146 2 2
11148 1 1
11149 1 1
11152 1 1
11153 3 2
11154 3 2
11156 3 2
11158 2 2
11159 2 2
11160 3 2
11161 4 3
11162 3 2
11163 4 3
11164 4 4
11165 4 3
11167 1 1
11171 1 1
11172 1 1
11173 1 1
11174 1 1
11175 2 1
11176 1 1
11177 1 1
11178 1 1
11179 1 1
11180 1 1
11183 3 2
11184 1 2
11185 4 3
11186 4 3
11187 4 3
11188 4 3
11190 1 2
11192 3 2
11193 3 2
11194 2 1
11196 3 2
11197 1 1
11198 1 1
11203 4 3
11204 4 3
11205 4 3
11206 4 4
11207 4 4
11208 4 4
11209 4 4
11210 4 4
11212 4 4
11213 4 4
11216 4 4
11217 4 4
11221 4 3
11223 4 3
11225 4 3
11227 3 3
11229 3 2
11230 3 2
11233 1 2
11234 4 3
11235 4 4
11236 4 3
11237 4 4
11240 2 3
11242 4 4
11246 4 4
11247 2 3
11252 4 4
11254 4 4
11255 4 4
11256 4 4
11257 4 4
11261 4 4
11264 3 4
11265 4 4
11266 4 4
11267 4 3
11268 4 4
11271 3 3
11272 4 4
11273 3 3
11275 4 3
11276 4 4
11278 4 4
11279 3 3
11280 2 2
11312 3 2
11330 4 4
11331 4 4
11335 3 3
11337 3 3
11338 3 3
11340 2 2
11342 1 1
11345 1 1
11347 1 1
11349 1 1
11354 4 4
11359 4 4
11360 4 4
11361 4 4
11362 4 4
11366 4 4
11367 4 4
11368 4 4
11370 4 4
11373 4 4
11374 4 4
11377 4 4
11378 4 4
11381 4 4
11382 4 4
11387 4 4
11391 4 4
11394 4 4
11395 4 4
11396 4 4
11399 4 4
11402 4 4
11406 4 4
11407 4 4
11410 4 4
11412 4 4
11413 4 4
11415 4 4
11416 4 4
11417 4 4
11419 4 4
11421 4 4
11425 4 4
11426 4 4
11430 4 4
11431 4 4
11432 4 4
11433 4 4
11435 4 4
11436 3 3
11437 4 4
11439 4 4
11440 4 4
11444 4 4
11445 4 4
11447 3 3
11448 4 4
11450 4 4
11452 4 4
11455 3 3
11456 4 3
11459 4 3
11464 3 3
11466 3 3
11467 4 4
11469 2 2
11473 3 2
11476 3 3
11477 4 3
11478 4 4
11479 3 3
11481 4 3
11482 3 3
11484 4 3
11488 4 3
11489 4 3
11492 4 4
11493 3 3
11494 4 3
11496 3 2
11498 4 3
11500 4 3
11501 4 3
11502 4 3
11503 3 2
11504 3 3
11506 4 3
11508 4 3
11510 4 3
11511 3 2
11513 4 4
11520 4 3
11523 2 2
11526 3 3
11528 4 3
11529 3 3
11530 3 2
11532 2 2
11533 3 2
11534 3 3
11537 3 3
11541 3 3
11542 3 2
11544 3 3
11548 3 3
11549 4 4
11550 2 2
11552 2 2
11556 3 3
11559 3 3
11561 3 2
11563 2 2
11564 3 3
11565 3 2
11569 3 2
11572 2 1
11573 3 2
11574 3 3
11575 3 2
11576 3 3
11580 1 1
11581 1 1
11583 1 1
11584 1 1
11588 2 2
11591 2 2
11592 2 2
11595 2 3
11596 2 2
11597 2 2
11599 2 2
11601 3 3
11604 2 2
11605 3 3
11607 3 3
11610 2 2
11611 2 2
11612 3 3
11615 3 3
11617 2 2
11618 2 2
11621 1 1
11622 3 3
11624 1 1
11628 3 3
11630 4 4
11632 3 3
11633 3 3
11635 3 3
11637 4 3
11639 3 3
11641 2 2
11644 2 3
11645 1 1
11646 3 3
11647 3 4
11648 2 2
11649 2 2
11650 3 3
11651 3 4
11653 3 3
11656 3 3
11658 4 3
11659 2 2
11660 2 2
11661 4 3
11662 2 3
11663 2 3
11664 4 3
11665 4 3
11666 4 3
11667 4 3
11668 4 4
11670 3 4
11671 3 2
11672 2 1
11673 4 1
11675 1 1
11679 1 1
11683 1 1
11685 1 1
11687 1 1
11688 1 1
11690 1 1
11691 1 1
11692 2 1
11693 1 1
11694 2 2
11696 4 3
11697 3 3
11698 1 1
11700 4 2
11701 2 2
11702 2 2
11704 4 4
11705 1 2
11707 3 3
11708 1 1
11709 1 1
11710 2 2
11711 1 1
11712 3 3
11716 4 3
11717 4 4
11718 3 3
11719 2 2
11720 3 4
11722 4 3
11724 4 3
11725 3 3
11726 4 4
11727 3 3
11730 2 2
11731 2 3
11732 4 4
11733 4 3
11734 4 4
11736 4 4
11737 4 4
11740 2 2
11741 3 2
11742 3 4
11743 3 3
11745 3 2
11746 3 2
11748 2 2
11749 2 2
11875 2 2
11876 2 2
11877 2 1
11878 2 1
11879 2 1
11880 3 2
11881 3 2
11882 3 2
11883 3 2
11884 3 2
11885 2 2
11886 3 2
11887 3 3
11888 4 3
11889 3 3
11890 3 2
11891 4 4
11892 4 3
11894 4 3
11896 4 4
11897 4 3
11899 3 3
11900 4 4
11901 4 2
11902 4 3
11904 2 2
11905 3 3
11906 4 4
11907 2 2
11908 1 1
11909 1 1
11910 1 1
11913 1 1
11914 1 1
11915 1 1
11916 1 1
11918 4 4
11919 1 1
11920 3 1
11921 2 1
11922 1 2
11924 3 2
11926 3 3
11927 2 2
11928 4 3
11929 4 4
11930 3 3
11931 3 3
11932 4 4
11933 4 4
11934 4 4
11935 4 4
11936 3 3
11939 3 3
11940 4 3
11941 3 2
11942 2 2
11943 4 3
11945 4 4
11946 2 2
11947 3 3
11948 2 1
11949 2 1
11950 2 1
11951 1 1
11954 1 1
11955 1 1
11956 1 1
11959 1 1
11960 1 1
11961 1 1
11962 1 1
11963 1 1
11965 1 1
11966 1 1
11968 1 1
11969 1 1
11970 1 1
11972 1 1
11973 1 1
11975 1 1
11976 3 2
11977 3 2
11979 2 2
11980 2 2
11981 2 2
11982 2 2
11984 4 3
11985 2 2
11986 2 2
11987 3 2
11988 4 2
11990 4 3
11991 3 2
11993 3 3
11994 3 2
11996 3 2
11997 2 2
11998 3 1
11999 3 2
12000 3 2
12001 2 1
12002 3 2
12003 1 1
12005 3 2
12007 4 4
12008 4 4
12009 4 4
12011 4 4
12014 4 4
12015 4 4
12016 4 4
12019 4 4
12020 1 1
12021 3 3
12022 4 2
12023 4 3
12025 4 4
12026 4 3
12028 4 4
12030 4 4
12032 4 3
12033 4 3
12036 2 2
12037 4 4
12038 1 1
12039 4 4
12041 3 3
12042 1 1
12043 2 3
12044 4 4
12045 2 2
12047 4 3
12048 1 1
12050 1 1
12051 2 2
12052 2 2
12053 4 3
12054 4 3
12057 3 3
12058 3 3
12060 3 3
12061 3 3
12062 4 3
12063 4 3
12065 3 3
12066 3 3
12067 3 3
12068 3 3
12069 4 3
12070 3 3
12071 3 2
12072 2 2
12073 3 3
12074 4 3
12075 3 3
12076 3 3
12077 3 3
12078 1 1
12079 3 2
12080 1 1
12081 1 1
12083 1 1
12084 1 1
12086 1 1
12087 1 1
12088 2 1
12091 1 1
12093 1 1
12094 1 1
12095 1 1
12097 2 1
12098 2 1
12099 2 2
12100 2 1
12101 2 2
12102 3 2
12104 3 2
12105 2 2
12106 3 3
12107 4 2
12109 4 3
12111 4 4
12112 3 3
12113 4 4
12116 3 4
12117 4 4
12118 4 4
12119 3 3
12121 4 4
12122 4 3
12123 3 4
12124 4 4
12127 3 4
12128 4 4
12129 4 3
12132 3 3
12134 4 4
12135 4 4
12136 4 3
12137 4 4
12139 4 4
12141 4 4
12142 4 4
12144 4 4
12145 4 3
12146 1 1
12149 4 4
12150 4 4
12152 1 1
12154 1 1
12155 1 1
12156 2 1
12157 2 1
12158 1 1
12159 2 1
12160 1 1
12162 2 1
12163 2 1
12164 1 1
12167 3 1
12169 4 3
12170 4 3
12171 3 2
12172 3 2
12173 4 2
12175 4 3
12176 4 4
12177 4 3
12178 4 4
12179 4 2
12180 4 2
12181 3 2
12183 4 3
12184 4 2
12185 3 2
12186 3 2
12187 3 2
12188 4 3
12190 4 4
12192 4 4
12195 4 3
12197 4 4
12198 4 4
12199 3 4
12202 4 4
12203 4 4
12205 4 4
12206 4 4
12207 3 3
12208 4 3
12209 4 4
12210 4 4
12211 4 4
12212 4 4
12213 3 4
12214 3 3
12216 4 4
12217 4 3
12218 4 4
12223 3 3
12224 4 4
12226 3 4
12227 3 3
12228 4 4
12229 3 3
12231 4 4
12232 3 3
12234 2 3
12238 3 4
12239 3 4
12240 2 3
12241 2 2
12242 3 3
12244 3 3
12245 3 3
12248 1 1
12251 1 1
12253 1 1
12254 1 1
12256 1 1
12258 1 1
12259 1 1
12261 1 1
12262 1 1
12266 1 1
12269 1 1
12272 1 1
12273 2 3
12274 1 1
12276 1 1
12277 1 1
12281 2 2
12285 3 4
12287 4 4
12288 2 2
12291 2 2
12294 1 1
12297 4 4
12298 3 3
12300 3 3
12301 3 4
12305 3 3
12307 3 3
12310 3 3
12312 3 3
12313 4 4
12314 3 3
12317 4 4
12319 3 4
12320 4 4
12321 3 3
12323 3 3
12324 4 4
12325 4 4
12328 3 4
12330 4 4
12332 4 4
12335 3 4
12336 4 4
12337 4 4
12340 4 4
12341 4 4
12342 4 4
12343 4 4
12345 4 4
12347 4 4
12348 4 4
12350 4 4
12351 4 4
12354 4 4
12355 4 4
12357 4 4
12359 4 4
12360 4 4
12361 4 4
12362 3 4
12364 4 4
12365 4 4
12366 4 4
12367 4 4
12368 4 4
12369 4 4
12371 4 4
12375 4 4
12376 3 3
12377 4 4
12381 4 4
12383 4 4
12384 4 4
12385 4 4
12386 4 4
12387 4 4
12390 3 4
12391 4 4
12393 4 4
12395 3 3
12396 2 2
12400 2 2
12401 2 2
12403 1 1
12404 2 3
12407 1 1
12408 1 1
12409 1 1
12411 1 1
12413 1 1
12416 1 1
12417 1 1
12418 1 1
12420 1 1
12421 1 1
12423 1 1
12424 2 2
12426 4 4
12428 1 1
12430 1 1
12432 1 1
12433 1 1
12435 1 1
12437 3 2
12439 2 2
12440 2 2
12442 1 2
12443 2 2
12445 3 3
12446 2 2
12448 3 2
12450 2 2
12452 4 3
12453 2 2
12454 3 3
12456 2 2
12457 2 3
12458 4 3
12459 4 4
12460 2 2
12462 3 2
12465 3 3
12467 2 2
12468 2 3
12470 2 2
12471 1 1
12472 3 2
12473 4 3
12476 3 2
12477 1 1
12478 2 2
12479 3 2
12481 1 1
12482 2 2
12483 3 2
12486 3 2
12487 3 3
12488 1 1
12489 3 2
12490 2 2
12493 2 1
12497 2 2
12499 2 2
12500 1 1
12501 1 1
12502 1 1
12504 1 1
12505 1 1
12508 1 1
12509 1 1
12510 1 1
12511 1 1
12512 1 1
12515 1 1
12516 1 1
12518 1 1
12519 1 1
12521 1 1
12522 1 1
12523 1 1
12525 1 1
12526 1 1
12527 1 1
12528 1 1
12529 1 1
12533 1 1
12534 1 1
12536 1 1
12537 1 1
12538 1 1
12540 2 2
12541 1 1
12543 2 1
12546 2 2
12547 2 2
12550 2 1
12551 1 2
12555 1 1
12557 2 2
12558 1 1
12562 1 1
12563 1 2
12565 1 1
12566 1 2
12568 2 1
12571 2 2
12572 1 1
12574 2 2
12576 1 1
12577 1 1
12579 1 1
12580 2 1
12581 2 2
12583 1 1
12584 2 1
12586 1 1
12590 1 1
12592 3 2
12593 3 3
12594 1 1
12596 2 2
12599 2 2
12602 1 1
12604 1 1
12606 1 1
12608 1 1
12609 1 1
12611 1 1
12612 1 1
12613 1 1
12614 1 1
12616 1 1
12619 1 1
12620 1 1
12622 1 1
12623 1 1
12626 1 1
12628 2 2
12632 1 1
12633 1 1
12635 2 2
12636 1 1
12637 1 2
12639 1 1
12640 1 1
12642 2 1
12645 2 2
12646 1 1
12647 1 1
12648 1 1
12651 1 1
12653 2 1
12655 1 1
12657 1 1
12659 2 1
12660 2 2
12663 2 2
12664 1 1
12665 1 2
12667 1 2
12669 2 2
12671 1 1
12672 2 2
12674 2 2
12675 1 1
12676 2 2
12682 2 2
12684 3 3
12685 4 4
12686 2 2
12688 2 1
12690 1 1
12691 1 1
12692 4 4
12695 1 1
12704 1 1
12705 1 1
12706 1 1
12707 1 1
12709 1 1
12710 1 1
12712 1 1
12713 1 1
12714 1 1
12716 2 2
12717 1 1
12719 2 2
12720 2 2
12722 2 1
12723 2 2
12724 1 1
12726 1 1
12727 1 1
12728 1 1
12730 1 1
12731 1 1
12732 1 1
12734 1 1
12736 1 1
12737 1 1
12739 1 1
12741 1 1
12742 1 1
12743 1 1
12744 1 1
12745 1 1
12748 1 1
12749 1 1
12750 1 1
12751 1 1
12752 1 1
12753 4 4
12754 1 1
12757 1 1
12759 4 4
12762 1 1
12763 1 1
12766 4 4
12767 1 1
12770 1 2
12771 2 2
12778 3 3
12779 1 1
12780 4 4
12781 1 1
12785 1 2
12787 4 4
12788 2 2
12789 2 1
12791 2 2
12792 1 1
12794 2 2
12801 2 3
12802 2 3
12805 2 3
12806 1 2
12808 2 2
12814 4 4
12815 2 2
12817 2 4
12819 3 3
12824 3 3
12826 2 2
12827 2 2
12828 3 3
12832 3 3
12833 3 3
12835 4 4
12837 3 4
12840 4 4
12841 2 3
12842 3 3
12843 3 3
12844 1 1
12846 3 3
12847 4 4
12850 3 3
12851 2 3
12852 2 3
12854 4 4
12855 1 1
12856 2 2
12857 2 2
12858 2 3
12860 4 4
12861 4 4
12862 2 2
12864 2 2
12865 1 1
12867 4 4
12868 1 1
12869 2 1
12870 2 2
12871 3 2
12874 4 4
12875 3 3
12877 2 3
12878 3 3
12881 4 4
12882 3 3
12883 3 3
12884 2 2
12885 2 2
12887 2 2
12890 1 1
12891 1 1
12892 1 1
12893 1 1
12895 4 4
12896 1 1
12897 2 2
12898 2 2
12899 2 2
12902 1 1
12903 1 1
12905 1 1
12907 1 1
12909 4 4
12910 1 1
12912 1 1
12913 1 1
12914 4 4
12916 1 1
12921 4 4
12922 1 1
12926 1 1
12928 4 4
12930 1 1
12931 1 1
12934 1 1
12938 1 1
12941 2 1
12942 2 1
12943 2 1
12944 2 2
12945 3 2
12948 4 4
12951 3 2
12952 2 2
12953 2 2
12955 4 4
12957 3 3
12958 3 3
12960 4 4
12961 4 4
12962 4 4
12964 4 4
12965 4 4
12966 4 4
12967 4 4
12969 4 4
12971 4 4
12972 4 4
12973 4 4
12975 4 4
12976 4 4
12977 4 4
12978 4 4
12980 4 4
12982 4 4
12984 4 4
12985 4 4
12990 4 4
12991 4 4
12993 4 4
12994 4 4
12995 4 4
12996 2 2
12997 4 4
12998 3 3
13002 4 4
13004 1 1
13008 2 1
13010 1 1
13012 2 2
13013 2 1
13015 2 2
13016 2 2
13017 3 2
13018 3 3
13022 4 4
13025 4 4
13027 3 3
13028 3 3
13029 3 3
13034 3 3
13035 3 3
13038 1 1
13039 1 1
13040 1 1
13041 1 1
13042 1 1
13043 4 4
13044 1 1
13045 1 1
13046 1 1
13047 1 1
13049 1 1
13050 4 4
13051 1 1
13052 1 1
13057 2 2
13058 1 1
13059 2 2
13062 3 3
13064 4 4
13065 3 3
13068 3 3
13069 4 4
13080 2 2
13085 1 1
13087 1 1
13088 1 1
13099 3 2
13100 2 2
13104 3 3
13106 3 3
13120 4 4
13121 4 4
13122 4 4
13123 4 4
13124 4 4
13125 1 1
13126 4 4
13129 1 1
13131 4 4
13132 3 4
13133 4 4
13134 4 4
13135 4 4
13136 4 4
13139 1 1
13140 1 1
13141 3 4
13143 3 3
13155 2 2
13156 3 2
13158 4 3
13161 4 4
13162 4 4
13163 1 1
13164 4 4
13165 4 4
13166 4 4
13168 1 2
13169 4 4
13170 1 2
13171 4 4
13172 4 4
13173 4 4
13174 4 4
13175 4 4
13186 4 4
13187 3 4
13188 3 3
13189 2 3
13190 4 4
13191 4 3
13192 4 4
13193 4 4
13194 4 4
13195 3 3
13206 4 4
13207 4 4
13208 4 4
13209 4 3
13213 3 4
13214 4 4
13226 4 4
13231 4 4
13232 4 4
13235 4 4
13237 4 4
13238 4 4
13239 4 4
13240 4 4
13241 4 4
13244 4 4
13245 2 2
13246 2 1
13247 1 1
13260 3 3
13261 2 2
13262 3 3
13264 3 3
13266 3 3
13267 3 3
13268 2 2
13269 2 2
13273 2 2
13274 2 2
13276 2 2
13277 3 2
13278 3 2
13279 2 2
13280 2 2
13281 3 3
13282 3 2
13283 3 2
13285 3 2
13286 2 2
13287 2 2
13300 4 4
13301 3 3
13303 4 4
13305 4 4
13308 3 3
13309 4 4
13310 4 4
13311 4 4
13312 4 4
13314 4 4
13315 4 4
13320 4 4
13322 4 4
13327 4 4
13329 4 4
13331 4 4
13332 4 4
13333 4 4
13334 4 4
13335 4 3
13336 4 4
13339 4 4
13342 4 3
13343 4 4
13347 4 4
13348 4 4
13349 4 4
13350 4 3
13352 4 3
13353 3 2
13354 2 1
13355 3 2
13358 3 3
13359 4 3
13360 2 2
13361 4 3
13362 3 3
13363 3 2
13365 3 3
13366 2 2
13367 3 2
13368 2 2
13369 2 2
13370 4 2
13374 3 2
13375 2 2
13376 2 2
13377 4 3
13378 4 3
13380 4 4
13382 3 3
13383 4 4
13384 4 4
13385 4 4
13387 4 4
13388 4 4
13389 3 3
13390 4 4
13392 4 4
13393 4 4
13394 4 4
13396 4 4
13397 4 4
13401 4 4
13402 4 4
13404 4 4
13406 4 4
13407 4 4
13409 4 4
13411 4 4
13413 3 4
13414 4 4
13415 4 4
13416 4 4
13417 3 4
13420 4 4
13421 4 4
13422 4 4
13423 3 3
13424 3 3
13425 4 4
13426 4 4
13427 4 4
13428 4 4
13429 4 4
13431 3 4
13432 4 4
13433 4 4
13434 4 4
13436 3 3
13437 3 2
13438 4 4
13439 4 4
13440 4 4
13444 4 4
13445 3 4
13446 3 4
13447 4 4
13448 3 3
13449 3 3
13450 4 4
13451 3 3
13452 3 2
13453 3 3
13454 4 4
13458 4 3
13460 4 4
13462 3 4
13463 4 4
13464 4 4
13465 3 3
13466 3 3
13467 4 4
13468 4 4
13469 4 4
13470 3 4
13471 4 4
13472 3 3
13473 4 4
13474 4 4
13476 3 3
13477 3 4
13478 4 4
13479 4 4
13481 4 4
13482 4 4
13483 3 3
13484 3 3
13485 4 4
13487 3 3
13488 4 3
13489 3 3
13490 3 3
13491 3 3
13493 4 4
13495 4 3
13497 3 3
13498 3 3
13501 4 4
13502 4 4
13503 4 3
13505 3 1
13506 4 3
13507 4 4
13510 4 2
13512 3 2
13515 3 4
13516 2 2
13517 3 2
13518 2 1
13519 3 3
13521 3 3
13522 3 3
13523 3 3
13524 3 2
13525 2 2
13527 4 4
13528 4 3
13529 2 3
13530 3 3
13531 3 3
13532 3 3
13534 4 4
13536 4 4
13542 4 4
13543 4 4
13544 3 3
13545 2 3
13546 2 3
13548 1 1
13550 1 1
13551 1 1
13552 1 1
13556 1 1
13557 1 1
13559 1 1
13560 1 1
13562 1 1
13563 1 1
13565 1 1
13567 1 1
13569 1 1
13572 1 1
13577 1 1
13579 1 1
13580 1 1
13581 1 1
13582 1 1
13584 1 1
13585 1 1
13586 1 1
13587 1 1
13591 1 1
13592 1 1
13593 1 2
13594 3 3
13597 2 2
13598 3 2
13599 2 2
13600 2 2
13602 3 3
13603 3 3
13610 2 2
13611 2 2
13612 2 2
13613 2 2
13614 2 2
13616 2 2
13618 1 1
13619 1 1
13620 1 1
13623 2 2
13625 1 1
13626 1 1
13627 1 1
13628 1 1
13630 2 2
13634 2 2
13636 1 1
13637 1 1
13638 1 1
13642 1 1
13643 1 1
13644 1 1
13645 1 1
13647 1 1
13648 1 1
13649 1 1
13651 1 1
13652 1 1
13655 1 1
13661 1 2
13670 2 2
13676 2 2
13690 3 3
13694 1 2
13721 1 1
13729 1 2
13742 1 1
13752 2 2
13762 1 1
13774 1 2
13784 1 1
13786 2 3
13788 2 2
13790 1 1
13792 2 2
13794 2 2
13796 2 2
13800 2 3
13802 2 2
13808 2 2
13810 2 2
13817 4 2
13819 4 2
13821 4 4
13823 2 3
13825 4 3
13829 3 4
13831 4 4
13833 3 3
13835 4 4
13844 1 1
13846 2 1
13848 1 1
13850 3 4
13852 2 2
13856 2 3
13858 4 4
13860 3 4
13875 4 4
13877 4 4
13879 4 4
13881 3 3
13883 2 2
13887 2 2
13896 3 1
13902 3 4
13904 2 1
13906 3 3
13914 1 1
13921 1 1
13923 1 1
13925 1 1
13929 1 1
13931 1 1
13933 1 1
13946 1 1
13948 2 1
13950 3 1
13952 4 1
13960 4 3
13969 4 4
13971 4 4
13979 4 4
13984 4 4
13985 4 4
13986 4 4
13988 4 3
13993 4 3
13995 4 4
13996 4 3
13997 4 4
13998 3 3
13999 4 4
14003 1 1
14004 1 1
14005 1 1
14006 1 1
14010 4 3
14012 3 2
14013 4 4
14019 4 3
14020 4 2
14021 4 2
14023 4 4
14026 3 2
14027 2 2
14028 3 2
14030 2 1
14032 2 2
14033 2 2
14034 2 2
14035 2 1
14037 1 1
14039 4 4
14041 1 1
14042 1 1
14046 1 1
14052 2 2
14053 2 2
14054 2 2
14055 2 2
14056 2 1
14060 2 2
14061 2 2
14062 4 4
14063 4 4
14064 4 4
14065 4 4
14068 1 2
14069 4 4
14070 4 3
14071 4 4
14073 4 4
14075 4 3
14084 1 1
14088 3 3
14090 4 3
14092 1 1
14101 1 1
14102 1 1
14103 1 1
14107 2 2
14109 2 2
14110 4 4
14111 3 2
14112 2 2
14115 3 2
14116 2 2
14117 4 4
14118 3 2
14120 2 2
14123 3 3
14125 2 2
14126 2 2
14129 2 1
14136 3 3
14139 2 2
14141 1 1
14142 2 1
14146 4 3
14149 1 1
14152 2 2
14155 1 1
14156 1 1
14158 1 1
14161 1 1
14162 1 1
14164 1 1
14166 1 1
14167 1 1
14169 1 1
14174 1 1
14176 1 1
14179 1 1
14180 1 1
14181 1 1
14182 1 1
14183 1 1
14185 1 1
14187 1 1
14189 1 1
14194 1 1
14195 1 1
14196 1 1
14198 1 1
14203 1 1
14204 1 1
14207 2 2
14208 1 1
14209 2 2
14213 3 3
14214 2 3
14217 3 3
14221 4 4
14222 3 3
14224 3 3
14226 3 3
14229 3 3
14231 3 3
14232 3 4
14235 3 3
14237 2 2
14241 4 3
14242 4 3
14243 2 2
14245 3 3
14246 2 2
14248 1 1
14250 1 1
14252 1 1
14255 1 1
14257 1 1
14259 1 1
14261 1 1
14266 1 1
14268 1 1
14271 1 1
14272 1 1
14275 1 1
14277 1 1
14281 2 1
14283 1 1
14284 2 1
14286 2 1
14288 2 2
14289 3 2
14293 4 3
14299 4 3
14300 4 4
14301 4 4
14302 4 4
14303 4 4
14307 4 4
14308 4 4
14309 4 4
14312 4 3
14315 4 3
14317 1 1
14320 1 1
14324 1 1
14330 1 1
14336 1 1
14339 1 1
14342 1 1
14348 1 1
14349 1 1
14351 1 1
14352 1 1
14354 2 2
14356 2 2
14358 2 2
14359 2 2
14364 3 4
14365 3 3
14366 3 3
14368 3 3
14369 2 2
14371 3 3
14373 2 2
14374 3 3
14376 4 2
14377 3 3
14380 1 1
14381 1 1
14382 1 1
14383 1 1
14387 1 1
14388 1 1
14389 1 1
14394 1 1
14395 1 1
14396 1 1
14400 1 1
14401 2 1
14404 3 1
14407 3 3
14409 3 4
14411 4 4
14413 3 3
14414 3 3
14416 3 4
14418 3 4
14419 3 3
14423 4 4
14425 3 4
14427 3 4
14428 3 2
14429 3 1
14430 3 4
14435 4 4
14436 4 2
14438 4 4
14439 4 4
14441 3 4
14442 1 1
14443 4 4
14444 2 2
14445 3 1
14449 4 4
14451 2 2
14452 2 1
14453 4 4
14678 1 1
14684 2 2
14691 1 1
14698 2 1
14704 1 2
14711 2 2
14719 2 2
14725 2 2
14730 3 3
14734 2 2
14741 3 3
14749 1 1
14756 1 1
14761 2 2
14768 2 2
14772 3 3
14775 2 2
14779 2 2
14782 4 4
14789 4 4
14791 1 1
14792 2 2
14793 2 3
14796 2 2
14797 2 3
14798 2 2
